$ANSIBLE_VAULT;1.1;AES256
39646662663764613863306365316330656533633064373134373332623536653838643936643264
6236383964353464646533616333616336363537343139310a373364633932373365366435653862
65346364656530313730313132623139306632316465313831393939393036333938383666613633
3738363563366333620a643839326138653934326535326663343533623363333263636665323465
32336135366466353338333439646263663363303333363265353039396166633435376564336338
62646238353862663161656434333163316330356238656133376639616136623337653836353430
66393162366332663637643964393964303563343163386134613637643638643437613835313732
35323637303862666262366165343439343438323932643333376365383765353765376565386165
32623338366662353863626233383230333965663330373537326431306165353032636239353535
30653233363461393361663432336231383635386231623761306533353932323563376138323734
66666535396366313435326566386633313233333936393937353266396630323363643563613266
64396531356131633937666665393364613430316135333563316162396564396230643637376332
61303630356230373333633236336633663238383533623238633430666466303931613430386632
36613836393466643830656139316130663266626333663131643062633131616465343266343333
34396639303832346335656635393266646466666235333831633563313433636565353438636264
65323364616164386430333637323137383266393964303338393933396639316331323166636235
35613661376663363134653862663938313732373137613737336336323231363330306161666433
37326532303032653261303431613830656331313239333230326366346566386138666237386661
30646364306239306435653365386161313661336262666230326136653936393635623333656466
37343366316434313936363262303034386437383731666134353064643232396432393461353566
39393763353931616534326330653464306538646261306265313136626336316663656338343936
3136666237316630373961613966343162653139333131646333
