$ANSIBLE_VAULT;1.1;AES256
34353564346163346332623061353465313961383063643038616238373662653366306334313963
3536363934376237303532663638303836316266303635380a383637346663303663343666323366
65303332303031303737383333626136313437313161386331303661333965343934363937663563
3235636239633066660a333062373536613334396164386237316636306361643762376131366633
35376361306537616331393861633466613037643534396661313234663936393535666236653738
36663765313238343366373530376334653237666530623166303061353731333133393430313466
31393739333533633762643564353564396261383133656566346230643630303838633138333930
66363037343666303464643434666361316638663564636238626631353865653533393835316539
64356633376530326464343862353939646436323662643438666566396363313062643662323530
64376362373239343133643437346233656333323635663961373035386464643131346335343063
35383534633161313331643766333063303166333866366139356131303133623439643061383536
30313363333837363137646135313931396661306239363231393762373231323435626536353737
34383134653362653235303563623162323866366238323234303131346331383265343830343537
36633462303564636466363936636338653739336537623432326430323039303064393331663933
38396665653061356162663563356664313130356232313362613236326332663065326536363632
62663732643339353536316233663430656534363363626133666431626363376166316166383664
64336339656464383637643039363936316236626530643132306139613264646133333266663962
63633165356131303136643737636166623932316139383666363130633939313665333661623639
61393363633439383565613436353766376235623932613732666266353033316536363265633261
31303239356632616562343236623364616466626563646232393033333564306663383066666261
65646263353065383065666631373039616238323632366431323934333839383765313965343231
30343535333333623031336565636532363163653132653737373032613835393661373434653432
32373362373938653430393735646633386666666632613762643763613534633030376430643665
64316431353864343735306137633237336166333565653936393232613038383436626235623235
37303264653635393264356164623634613531393163383132326466646333656663
