$ANSIBLE_VAULT;1.1;AES256
37666362613461316237303866306636376139323531613865343031356438313735653161376531
3334366638353365633862366431303761393631613431390a326435326334383365616663356430
34396366333562356234666162383730316161396436383833333164323964613263363664663033
6139353736346334330a383062323164656662663032363733666137613966393062623762663333
62393238653365633761323735636437353336326633333161343338316637643761613336626331
65396266633834373066356134653332343036343762626465313934343934336533353234363230
33633635323866333431343838353336316334633830363632346331366133633733336130616264
31333430316535343632396163376564366666383565666565653834333164313931363563316535
63323831656138633435653431333264383964626330376634336130616536373361376439626362
65383163323861623161633539366438633466353732636662306633383337386466643963316161
64343633316632343762306237303362643838653765363033396336663036636536633435386537
64373364363365306239376165663966333363316232316538663237363431303231613161373434
61336637336539326266623365643962343239653333653538636561663061386137383431656532
31363665356165306430613338636230373630393562633533366361663839623032633930306662
35303135353433623534653738396638633138313434396536386464323863626132666339646638
62633632633865323435663266386231616533633965636438313239353839386331323464336364
33353637343362316337316132626634643236653531383939333331356334613661343761373462
39383431393738326433303538316230333861383136636336623232386538643561393837363531
63383362613461636664353261303664316562653332326430336433333864643036666632343035
66656635333834656532363333316362386334626536643034613330343738646630663436376237
65616233613066336563363466663564666237386637363366383632383135643065373562656432
34306230663132386131336230363039323630653664646237356336343335326166616338383265
36383634343165353437313434313463333866393062663661323166303164353639666632386435
62643334366537333961613038356230373633336439343362613661633939393339343332366232
32333665646163663532663461373537373134623536303963356438616536633930323362323932
66396538636434333165313734633465343465396464363735396239326236643264656163396539
39653166326531643665333539306363303664363833316233336433383431396234306635393333
35356132333463613264356232623730373336353230396561613138306266366261386461623936
38376564376438396263303730316434333566386238323935393463366136633037623363633132
32313064353637663139343065303339353832326339393036383762343931393061626337303638
30323839373130313633313465636462616235616664316662643961303934396563383435396365
62333861316565373935653730323134336363633235393165396431376234393932646363633538
37613432376363643736653139323032663034373663643664646538366465623432343234646166
38393839333638623232353666363339326664373236343563303063313561653366383134343139
30386262616332633766313933343631626162663863393735323836323931396135646330366436
31636330616464353230363037613432633462383162653633643831626333376635343132643063
33313631623831626330373464353332343065313463383665363663646537306533353262306135
34653165363562316531323961633831663739343461303164633538646139656539653562626263
33363933623739343566633235373565303638393766373738396464646365396637623432316139
31396265343535396137663562386132376333353561313262636533626163383162333866323832
63623434663463393536636334336433366563353233326135396565383863666637336636346362
33323832666535663963323238343862386138343934646466366438393033303564306266666430
31646332353163343030353339306233333361393134623037623064633865633339363231323030
66396132333432396664653866623164626534353133353438656664623965313235643334323132
34353934373865346530643931316437636364396232346630316437396635663332616335653434
65633736376265633366656432343634333338303965663838393930633630386564343635383830
36626462363465333266313865306164633765303066323838663266626438653534346663636336
37643165306531653038643530363934396434316532376263613131326532303032636434643432
64383763316464363336386465333532386137623266313537646639376631373937396561376638
63363566326138626132633237346234306136633061366361393262666464663637386233323931
32316138303535303638633562636534313132323562363132363138613930323937303938343430
32656366656162653732353031326639363662373033333161363632313835336636623965396434
37313730326537636532366165626135323964653835383435613036653763643738666135653761
35613132613530626266393736623237303935616565656464653665333465646530646466393437
38356636323737353130363739363639313738383738636239353261303336626535396163663630
31386130393238306466343739666361383865326338383938326535616432653031663561336134
39643938393164316638313061313836383966326465653939633334623637376538313938656639
64613433303832383862393866653136663531326465633033653536633266656466376461323335
66366362653764303437373031653837306265326333646361323835326462316630323437623161
62303963323863353263313066313332333439653564646162363561613830633834386565383561
35376432353330333461393766393232656536393533393930623463656335336566306130323432
33303032353162323635343761666361306239643035646565633766346532653061653631373164
32653734663936336336353333383433653838636562353537613565626561303561376561366131
33346539306532306465393036366634363663663962623636316335336630333863383631643061
65616438613663316262343130333732323835666233623639653234613832663961613439613264
63343436363530646636353236353733626431373135383066386630393265663931626134383738
30343462373462623761646365326530393063373861333634306465623332343261613566656561
38613235326135383264623364633134383630633439363533306336313431353335613565353937
62343864316464333761623632356239643830343462306239626232353633356662326230643935
64626665323462646131353439366364636434306565383335343938656234373832643839633035
35613162303531623938363261623530636364366334623131303635383333653335656266313938
39663532306236323064393038633164353133393534333431643466643663336166363564303734
61383434353833363130393736633363303438373232336432363634623836306163346237383333
38666230303538393631633439636362663532326363346138336235613363613865333031353233
34363362346364623132393430323537636434323530643736363965383064663263636339616661
39653836663363333736633366303330396337313063326366396565616165393930306236646234
38306262326462383534333533303362666130663866303561623631336465313266616338333165
65623238613163333563303665306365303539336563363130393661616364356136353665623331
62373735663733643961316363313962313562666561623766393735313864376362653164356464
30306635353465353336393937623830353565366632313862646437326530373433323736306665
37393032313031303932376532353637656461343837663862396638653134663138313831623764
31333138653737666435616464333466633436386536316561666430656332646661643234326138
36613330306530643638653733386536346162306562353738616339363031383934313661353139
31366462623663396335326539323237316633333861356639303639326533643435343263393030
63343533326362393538326530616164383031316337656231363430373961663739366661643631
64353439373736626362363839353532666539313361333966656165366666306337623230326436
34633863363935666563623832633830633737646333336632666261383933323162363237613030
64643837616335333037356236313539326466386361636365333931613237343262303337653132
37396462663239373065626562343963373931313866313530353330333563343330666239353866
63306138333639356336653831333862333434333533336335313961313265326334396237663230
63363138613630656438636238336633323938336461326632656135636433356535313161383634
32633834343366653561356136663232653961336264363439366539616530396264646538396463
36313038646136313633396465353537326465383562313839313531653162383838623061356236
61633135333935316130393733656464613461316332333834303462323865366237383934333362
30393066353036663561666236633938643633656334613634393935333231353931346235386532
32373032373136393461376165393536636432386163363231336230356534326634386535333861
64633061643832333137363634616337383563653566616531306663376535323534363761653162
64376530663362316636653439303666383837343661336630366139663934376663353361396331
62306363663032383034323133626637343463373734363530333434376466613931333930653665
38656462343835623033643632393434343338336539303532343664623439653661393933313132
66366562643363323866613866663534363866303037616135386434663436306234393330656337
36363833656465373735613233653038643963313637373733363161643761623533366166363237
66366531643630613336663633363731643464656463336231376638386561346534616162346639
31303262653865393333646463366465336139626636326236643564356434366264663639343138
39613736613030343730333737313466336430633432623630336436616466303762633735393863
38643732623835333633336433616235316161613736623832363364646437333832646638306638
31356664633930366665393963366165353639336165636131343764306565363936326338333165
62373262353331363434373139326363353934306533303634303534333162376666393565326366
61386634633765366633323863383661633638363430656161633065613033646130303666303239
33623335666433376335376662353732633134626138353333396162376130363232653764666233
37376465393765313932643861373261343863643139633666313061633264666565663966366637
31623636623566326435303237316634353933366565613466353464376339393632633465636134
39323332656635353539356139343437383364636264663963343239633739306530393863343163
37363934316335633062303637306138356361393133363538376330303436366238336235646632
31326264636235303966633233376530386438353936353762636236646662373864646637663664
32333334333461616235356632623365326463306261336532666435303436613561623865316430
65646436303032623162633162313464613038653334373163386531376131653365343664616635
36633161623330666534363762653135353139333061623838313965316436346431643639373466
36353766303035383930336635653963353137366339333632386664316663626435653430386166
38653964343535353632306333656632663336306562623661386361666639363265626664333230
30323439656134366336623034363162346266316432646531643636666130346636316234353138
33393033356339366532613337363736346239326433396139353731663237656461306234643739
63626465386664613430333238376638643464663532663137363739313965666163373431616230
39656436653462653730653536613232306130386531653832323330333166623762336164306531
37383261643934613965396435656630633832393537623039613530373561323061386635373836
62333638383330343563633430363736366435656230643637356635383538373233303861323630
64646233653065396239313232306235616637393261663664393765663063663638623664366437
37356161633438373336333037653637626131356632316334353533363035616364353036666338
39656637333265303535623430633933636238353737333763616432346163373134373332393737
62353461336666323965663936373866363136353563316334373534393834336635393033326533
36646330383466393163316136333536323230316433663563343239333639313763346438633061
32363935616235633339353533323261353037353736383231653239643366356463363865373065
64383638653432326334313661363131646533626531363436396134353862316131303135303938
35323331613661333636616339383838633863323562376132663136313364313332636632323838
32663566373361626338333762376238303436333036323865663733356262353563363330373136
35666434366462623535356137363763633131663163343364613836396261633334343631643030
31393432636661363636613934313436353833613138373232306263306637636161323337653461
30653031313161386138303538396663373939313939316633336364333830336563336432613530
66386632653064323537663263663833323330386332353936306562386464663064363832626162
37383131633761303731313630623962636266626433383230343764346662353431383663363565
36396263353535303335366639393235343033326562323939643966376465633737393138623961
37623266363366373233373234653335643334613530616237663264386561343437633137393334
39656532363034633338663130613339643765363366383437666231313131323138653937333735
31333339626539376532363136323866666664653537356432326238393439653566633533656232
34653137343730613965643837333466313235623039313436306135636562303137616664373965
35646565666338353738333338323062356435313935353232643036373538343336366534636463
30613835313761663138323637306139336563353439356264646432366262343139353735343137
31343638323437386230333238616537633139616266306537373730333530353330393330336139
31313836353834353935303330366666363064383032313636376461323963613736386532323235
35333664633139386134316434306431386565326238646463346339393430643666376239623663
36313461613338336434356561616463376530313538623938303336353761343532633130373666
35326161343530376230663534396435643066383138633536636330346663303133663436356634
34663333386130656632346233363638313637613732386439396331326663623032376630356630
65326333636637306265353837326364363439346366326633373330383662333036383866666563
34636632313438643066623039633437383038306638666636383366303234323836646136333366
32623833643236363134383236343830636666333736373064363863663561663536366233613263
61643366353134393663386635656565663166353364663638613437373930363538626535333261
34633532373663656333613361323435333733613037623034313138383733306235346232626564
33386163303161356231336661646662666436333064613837663938663666643063623763303030
61303230633730366436643232383730363532616363643330366665353663643736663635643839
33303764333033633833663164343362633638313437336461303865363066626335313831363862
37373834396630626662653330653236333433383933376637306337343732363130396231353561
37626232653036626138353665326165626432663133373632306266373130393565306234643664
38373532326637663337306632636630303335316632343336323733386263623464656664633761
37323537303435333265613761313137316563353564386236383366396339396464313833383237
66386661393264323763333263656634666230636166363863326537393436623832623737396230
64396539313533636136646531363532636135643466636335386136666565386136303738356439
33316334323439363362393637633131306139336330343564623438373632363965313965313731
39326266646635623334373265333739323461633763623065386365393663383630333330303162
64303637376535653934363633626239623631383538656132633630633566313238636533326234
36346135373966343731323839383133303665383463356530386330333339643937626638323031
62303430656631623039396431636338646265613039613666653939613339343734663264303639
30373637373961623266393132323437323331346637643862306535326166336663643132353736
39666439313133646665306265623035663137343131353937663231656635326164383232363063
63663361336438316437353335666461376330313230316535663337373736326463353138393839
62373939373137326265623765643130623464636231626131663862383664316262353537346632
33393932353532353130336237393832663234616531363536323862383236376135663037333432
36386632663630623934386531636531323836633739653263323139333839373165616237396561
38363033373461633039646333383435333932623163666533376133643963616532663362316264
35343631366163646538333739636136656566646133643366653964636365333637386239326336
34386638326130636230303630373933633361613235636266373138663930623235613438643961
66396162336534646663313362653966343635386238633538643633333734363339636532356236
66643665393535393033666137633531353439323061333933396431316337353339373837646466
34386435643335643563396135616665636664323866613436643763313363643061646533303062
38346263306465326332313934666139303463653562326364623635636637616639306334393138
64306165383766396138366132326130656438373966356333356361393135393032396130323966
31383932623232633635383930616138663165613533356633316137326661393761306463386565
30653733626433363164613839323564346463363339663634633866623935346635373663653064
63386563303236353732373363366537616638663764363234613363333930303961373830646239
37623331643962633165336464333663383865633764383461373532363561353734343239623265
61666564383630366337643063303431333133623932653034316134333039633262613134613534
63366666613136386161613966373235363731653230396138613239656639333333643766303939
61383032613762633036306130313034363931633166373163643135326461613932393632653261
37313863373264663536323039306666636466636435613938396333346237313963646665333538
61396534383435636632346631636239353631356336316534386164646433633963343438323131
36336464343264313731613133653935656337636564316563353965343532616134386336623137
64646266316166313631326539316662616432663930303331643537653331323364386436393466
65353933653833316561363137313237376161613730323463626364666230306164303239633036
61363132333962306261363265613136623435663834626639616636326165306163336330656432
30666161316332393164626133306131613632626234323439346334303434326531613666623665
61396265353563383865643862336363656664356330653236383538376134313735393934336566
38383837663932663761333539346366386239363638623435353764613364313661326161643335
65633661343962636461383262326531393834386463643962316666306461336330336365623963
39343864323737616366633934636462346365656661303932636233326630333833303839396464
37663564393339613036663631626632333765636261376266326138346266366336376436653963
61333638373034633935656262643135316563373639376138373463663537636539616263653863
33396630333361383831646133333961666264366338633932376532353762643264336562626462
39333664323436633534333532616463656537616634643562313832623334636632346362303563
64653334346265343130613636643862626230626533356138313865646666383538643532306162
30666637366461383035346535343436343064336362383537306661366235373837323635386434
61616561656563313333366363386331373134333830623364346533633432333766393364666132
33653230336635393961303065336563626431306334376566353735376336653930653830653964
39356636653838373538333134333165386164623937326635326236316566393430343464333338
63653264646661663534306164333436313932363433313632656333643762366262363736646561
31363863613539303361343364656237616561323062363935393563663132633335653064616664
61623765653739333237306134663936323365353533323132333337313238393065633066363139
65653134383538313136653163353163376464616337653265616531386335353865353135653837
37336166396437656534666664336163636530636363363564623761363138326337633131643138
36643864373130663034316263313363616261306337313761316465333832363737363666643461
35363439626263373931313563653930393864363364363230373834373865626638626337653061
61336133636132636533353365623430303931616138396235383963663434363237353935633536
36633761386633323435663066316463613462653738396437356339323431306265356634616163
61313938663862633663323939623561373234646365363765396638366636383436653063616163
64393362623932366435646265643130303262633766336464363833333039373039306339333231
66323230663935333430663666373762633632323766346438383635393866343130653533373062
61323430666531376535643534636339356463323033633230313030656162366263303264616334
63366137353736303138386539303534613237393339376239323536663639366331366562313361
30306263376636656238323363333263613130383935393666356563313730353466343337363238
66386131633764616562623163653063393861333937353161666531333438336464386438336231
38353334623431346662303162643265353266356339363537316665303663353334313039646533
63623361646334623534353835633866333536376266373938646265343461396161636539323839
32343538313739633266653865653464393939383032613462383535663535376332376463636636
63343432336334376532646362333239306163316534363661363133346562656162633732363764
32633362373233373263636234613634396261626135643862656366636436613332393731313762
35316663326464653637633032363961383134363232333138343239613030623466633831343038
65303037303232636131383334626235333061366165326335613963333434393637663733646363
32313936393031393730623933303565353734636536373834373965383661363232303936396363
65613533386139386661373934356133303436346464343238353036633132353633383433626163
36313136346264653965356330363431666433323937376663353734656466353639656236663335
34383437356666643830326630643735303539646164653331376537336337623965656234623962
33346338363038373765343732653032636636383163643661363630323366346465653763316666
35333964653333643163346337636337653163346239376366313363383263343136383638643939
62373165346235396563656338663634366335396266346362333435323663616334373965653066
35316162376166643362343933323134613330356239346662636534316266386438643236353865
30663965383938646239636261653561326332353161316132623965646462393234326461373964
66393834663136633038653237636634653736643834303931383561363230633962636336656163
30343538623065323062373634333636623962356564353365613564616535306666626330613663
33333664626639313764353863366466366137613161646239353131313038613534316438663262
66626330633430636462646162636235386466383731636163326235633466353235623739663836
33616563316164363136336538306230666265613162343135383865653034336131613234653630
66643438616535363335653666623637363238366465363332653738373763663032623461656432
66363039313561306362666266663335643262336361613835306465303664626365333637333534
62626366393734613338333164613334346635343062303131653336376334633531313538343633
61346537663362663663306130363335333833346335333833346130623739663438663962396539
35383434363631636236326536343933353731633234373064626632613439643465633630626231
31373631303730383732326233373039366461353166303065626639333762323364306162303165
64633961653464396365613161393130643362386332623962616561396533353831666361353632
63323232313263303430313830376163313633626534323965373436323563386434646436616136
66646637343334313532313461393736633262323139376334326539303437633137303665626234
34643930353939626166383031623366323133376139613464623161623635306234633335363430
65393136333838663933663338343666393137363531626331346461386365316532373437646663
62623166376338333935623230346430633261336338616334393935643739623832366632313136
66346461626663393631623865663165666632646466326537313039623561613735363661366164
61333633373461313235303661646435626539323832393166646463626431623030643330393064
63383535613961346237666131643362326234666638363734663035666330316164633639376339
62363734356330343631376665383466376362383633386132643038653165353730383332656166
32653166323966663661346361396430303036373936643636626336663365336532383730333661
61343762383562663964376366393262313837396166643264633439333065366163643964613237
61326531333338623236613639346339386162663430303033316135613865326638323266383662
38626330363865313335613164623461353038643434383139343661333961376364616635326262
36643631396533363538646564663439313962323963303165616162316361376537343934313434
64396262343130343639393536663261636365663434636161303831633338653135393365633366
32353864326130646461643937363637303634326535373435303930353234616435663964396539
63613061636531366562363865333262343434616562633738396264343030666164636635646133
32373233663332623737316635653430613265363935376639653832386239393632303561653437
30306432386136623466633432363562336237623033616234313630306139386565336139393032
65613539656437323139353035633736366536663733306535343235653933616539363037666332
63646661643239343039393765373836643563303537326332623639323139336266383338616137
65383632363836643730373163636161326262313862303238346436316335336130643833393039
39303765363965313730613433363634393965656261653133326465623839643530346231663562
62303035356132623133663732623438363336333633613966623830396135643762336133633239
38346236313838663438626331656131346535623063363638313165663838326461333830373765
33396239383533363265666361653266653030616635393839333863383761313239626439366563
35626638353030303166373835363034636637376631373062646261653863306365633939383366
33333363393430356438643139333735656364663536643539303863393462306230376632613935
62666335666162346663366432366137653539376236363030306534316136353366323063616435
36643930646134616364643737343633343966353430363864386637303737663462343363623366
62326262323161616362666638363835633230313663316534653033336334306230333065653636
61343435396436373362303338336264363663303766653434636365303134356465306161643831
38613166386339363130316336393931346435316165663264343430323962346361626330353765
34363764323332373534373465633833356462646230346563333630626230313262396632663266
61636337646531636336653862653830313030323431613738303030626631613937333935363764
64383631633338633666653365393536316439333464663563633739666363666435386264336466
65306630383930353963626666666533633234383965363231393436306632636262623066376530
30363363343432366637626333343561363038626164623039396430363739666338333861313431
31373039363835343231653365656430613166373265626565636336393865623436343765356434
34376639373337313561633639353634323031633661626335646361636438336339393263633863
31656436666530376166613736643362333264316135613261616532643939393232633630613836
34353332383931616434383632313466313363643666393864663864363730633133303861633261
35356631653433303830333835303536343431303837656365643865623636386165303534633035
31333933363236623430623465343834626535623464663531613962623230356431343931346564
33303266326366626663333938313836316161323835303564643265336264663634383366353864
65316464383366623136666661326639393132303733663130333766616135373335323538353963
30653838613036343863373235363730306137346565373430653936656537653661666538666439
61336537306164643563323664663535636237366564316263613430316334366533333238646564
32326538323337336462663261396635316432653661386230616135653539383233643137393630
61376662363630323736306465666263343864343137326233623035343862353332393331646466
31323537653835356463313737393962386566353638396163656331343563663739343733306133
38623337646231336661363061363038666631343366636534326536333139626665646562333239
63303463303639396262373138376638646631363635616562623936303365356435353930313262
31656631633731376264386462623664363066353864306638393235396666626430333835373835
32373831393637313266306139613061663134393161616566333833663733353233326430333237
64376665326438623833613338316266313763633933346466366135316138376466643066393630
33383765326561366131623539366639396233383263396462376631306633393933323865396637
37636366353837613632323230626136353036343035643362663730383565376131386538663639
39616566343839333837373163616135616532383561613033663636616138643966666464663033
38393133373539353136663861623632343634333563656466333831343661633332313632653139
31316137626339613233346136343338313331313264626363353865393362613830323332343139
31396431636137616435316261616166373263373139363364633432336238656665323764316634
62386330626437633034373034343030643034356330386666303833623630306136323966333339
30623234333531343634666230656236666432643663636137346233386639323235613733633261
66323838653939653632623335383531326538343430326132323233636261623161356364613063
32663866663939653332646233626362356463313338363262646436653538393533613935353632
66323761306232326261633263323634623732373135323831653238663464383739363839383364
64656535656433636135356261353934313238386665376466623666323637343239336164306466
31616334356635383761333137336464303935623166353334623265303865373132343037316363
35663863393565636236663733316133343837323563643166386336393538663462363863356663
31353537616661663334313364356335363966653730393735656134306336613366663138383932
38363531333638646632626432653836316263313164656434646332646238616235373937356233
32306533633663666463343737613730303136666661666435636365633965636564386162616435
62616430643639323036346363366565383435623537663636396633356432316239323864653139
33336435376237376263626538633236653738313638393135613265303532336366656338613462
61633032353061366162303966616235623165306462666230656663323131653033613966373463
37323766363439383438613632653566316239666139643639353532663731373334346263343036
37343265643163346561643565346637666338656263333365663761353536323934643439306338
39343865623230643261326139623734383633623338396136643265633933376438646533323832
35663061306430353834623938333162336534363139313737653338323265346266616238376561
33326339306466313862313938626133316464306536646434343466626666396431626461303238
62653862356535636338313430663934653338653065393732616230323863346165613465346366
62303063316534663762393037383337313339663666393131646430363266366230313334336634
34663563323731353431386365626431656664393363633435383937373566313766373934313062
36303366333338303264333561306638663762663333623338336463393737376365373634366633
66663165636536393034323233636136663838363264613535326534643039356433333762626130
31633066316231313535333636336662333639653633373237613439313466346266633262376334
63623764336431333435306534353234323663373965626462303730613462343666616637646333
32366334616533323166353630346537366665666332663630363066333463623639333631326165
36383039386231343335323761346134633765363934623765613835366131326364633665646631
31333766643931316638316537303236306365643763386438363533653764373139343866333862
35623239663337643561626166626437313831666363626137653633323862323934343736376465
35316531376532323437393666396132663761373466316632383130396539396535343463653035
63663433656665356237656233636164303231653934356238373532373437303765626636376562
36343430333238366537663430386566346261386131336563326232643237643736383730326139
63646262366261626436366334336664396639613034333937363434303161666439646433386331
64333031643836323365363064333939346333363361303232326237313934623362653130633438
66366333663837633165343333393437626633643634653966333935626431323134356634303033
38323065643538353264346232326437633335313761333639336537333539306537306131656136
30383735363137306561346437623866383262636133353233646262323937343636316638383332
35386634373761656638393066363064613233333364303366333235343166363462653530633630
61663032363738313365373430303964353833386636653731356362306266656462656638333637
64303134366134323835626438623566663035633965383566326565383161303830363235656239
31666134363635626662383835316537323661353130356662616630323233343030656261643265
30363230343038373637343436326665373862353032653730626164613765393663663161636234
64613634626435636363393462366366383061386339643463396265323231376662653762353364
62383564393339363435633434393965323330376263616165633035323435336134313033343361
31386332626530623931646664363761643263613461316366653061353734396166326661326633
30313264643832663062616231343239616537633639653335326564346561653431306365616265
34383433626265346364346437336332383834343238626265393232656238343465356561643639
31393165613335363234613532626130333665383430323962656466623239356339303065663130
37643562316163353164353262313531666231646239386166396531643461386365313430363561
35663534383662383362663065653731333164313239643930626332326634373334633230393939
39383566663937653264653963366337336130623361663433373132663235626361383934613465
65386666343738383261656233333736633234636538383536373466346636646430663063373530
31636165323863333363613837306164613933666632636135303338396430636464633030316134
66623033666461633363353135376161363164663331333464313330313431323036356132643161
30373031316535653363323936313665646465633038356165313533323366333233306565653838
38633238386630363132626638323765663961353739323330333463623764336232636162363135
34616463633336373130666661346565613836323430636234303034396463333566336139646237
64363131373730383263323438306532333838366562376465343464383734383236343533663662
35353937636664653265383733646435643064316138386361333739636331393138386362623934
66343964383638656532363832313135353231613232656439633264303630396362333563623436
65336237653035373433663761353363306265613865303835303735303164376564343339653463
30616338363531396565653163623965356262343833333965386166326663373165653431663138
38616330633532623463303933313136303161326162353439626139336231323637396135643061
36633938643666373437616335366561313237373434343236363966333131616632363338646266
34373235373734636433353834353533323764366235306339343664396638353631613162383531
37386266663634656561663833653731663933646161303835656637633932666164303762613636
32303331393966653838653066363638393630323437323162373136633761363438363532326237
37346164393836383666636134323036383562396437646330646634303837633962646237306333
65663762666337353534656235653961313961363131323934303131303966656536646563623565
66303337613166346235306561343433306430666662663535663639646663653761663562623130
63333262653939623565613663383632316532616666643464636265343232333130336438363265
31323132343733393930356365633539303936303535396138653231643835653937393563613830
33303336363463393834343636396434363433373738323230336266353366633537383766313939
30643037643561616264633861376262656339306637623532373663303337376561626438333061
33386533356261326666373836663064633262663364616366383938303730323464356634646238
32396361623332326664653838376564313734626265393634326137376531356162333936336236
65343232303733366330323835356366313738326631376234303938336235643033366530633439
66666336366631353665396231663966346138363132636135303831353131353332626433323837
66373664363435613232326666346538323636643239633035633666323938366661323236386531
62316439356663393763623439323035373039663932613461343466326263373565623732383633
34663064343630633431366238373663643438333330373438336666366131623761643633646662
34383136343231666337326264366538633765336264363865633237643430366438393534386334
65633634373234616631646534666235336433663034383637303332393161393861353939303566
33616363386166366232396531333866626364343362363665356663386136323431663965303335
33313936626236663762353363356264623031326163303063613762393166353333653737663935
32643830656433303735636431643739646163326564646131396438396561643837373331306138
32336337313865326561643531393963333436656133643436653361623832366437313039623030
30373834326365666233393138356339363864393330323134616265663639656433316665356139
61366132386166666635333635336566666634653232663136666133663434393432616662643938
35636231623261393466353164383566663738636234396537316361336162303836656239383230
30386561303830653137353736623536616432396437636333633733353863353434613666613535
63666461653938656132306162646537383464666165373237393830613539323434386237303431
36373362643831616632646365316234613931373130356130373632663132623832343039323137
32396131643563343537363337623966633962393030616465386333396336343737323238376139
64666166643862306263633466333837363039313931336335376337333731323136366564313938
33313165313431626363386538636233653961613031636465393232343131383230373034353437
37386437323431653339643038643837313063613337366465623065313638613939373464303933
33343430376364353862306136386661393832616534356365356431626531356161353036333865
34383138646237396566663264353761626562663663386438373930363535613161356538346666
39626438616331336238626664363463313638386263663035633433306438373839373432323530
37643330306431633063323164643834626336623930333830383035333233363334333164656462
30613261306162636435613732336436303837393837623064323835393665653832626139653032
63373738613738343337393639313265353738663231373466633737396664363966613865343533
61646664316164363262646138663032306135386163643462326136353966383439313732346638
64303362333235656438663965386534326234313362363231633734306362333435623863633561
62623666626337363266623665663161336536353138313961306463336232333938346266323632
37396339623464373333366132336233653739363264376265363739396566373365323963666436
35323137613534326634373762326464376331366431666633356531313033353033343430663635
62383663663530383732383531663232346566306363376431353834656330653364313933643366
33656463666136386631626538663161333964623831613239363065643965616464366230376565
61663637333336353964326438343139353233326163383433653338613234366437613864623637
30613137643664616461303531353136386530383835303830303438393339663139306133323036
33343563323763323039336662616230316664343033626139663037386234613739393564646464
64336662333462356538396664653961623666666634623863373238373738646636313063363937
64616566316564336366613138656434323235333430323464633334373932313465336463616431
34306236363331383036316637633961386234636637396631356662636331363234333930333633
32366330343531373136656234633566653531393064343030313335336233613436333065636163
63646662303337363863393538383536313362393264646364343038356138623466616461653163
64333037616339383565663738376362663364663433303934636130306334333065303363636161
63313761363032636432386530366537303934666662643037633464623166393662666166356538
30346361336462363964313664323965393039633032646661383234646134393565616364316133
63303064376338323461393363356138316431343661356639326234346232626232333236643764
62646531376132373061383863613966346635643466326138313933616338393336396163393330
37386662303064313064613666303662383331366438643363383865356161313637326335363532
37643837306264343832306532656334636235386130623930653565373334323466343132653535
33383234393966653538366336666263393735376331363134663166323563333365393162653134
38383737353561653134646636356562386331653362323136386631346536666136333762386339
34313764313361633836323433323533366234636464646638643335353961626630656536626437
39616635343439383739663739623562643437313161393165383564333033303566376136363438
35303866326232363464366537636131363730313565343737666238356334636565383962373138
62353532313961303931353263383563396131366335633632643563353838666134393339356335
66316565666662393331633738316162323964333563393536313132373635383339373931316133
34626436646465653130303662393434343061643039383536303662353738616339663162656564
66306666313134303933303536313831633636393039306262386137396662616464646363623235
38616331646134643438313631653165643563333066633561613030346362666265323466326131
34646530313564356166306234613464633965373437623664666364376639343439623262303832
31313965366365636561613762336566393438666364323234396664613264643136643864633432
37353262336664326164643265376632356236303161613034663263343633613134366163303930
37633036306432336439633162636663343133333563613738373738653137303763653565663363
62323437616433313763633130613233313437656562356232306266313436633230646461646433
65656234303963353864306663346435636263396363376536653339333262653334666162643732
63303831623032393661386366336664386264623638346635633066363531626564343531633766
32336436626666313434343137666237343034656133666363386439633137303061336462376635
33653934646239366537383735666333333361313663373665616665376135396436656662613637
32333730376261356330383335656366396237383065326134346537653664663063613031626437
63613633396438623732346134333538376436346263643462316438636262366630666661663239
39646366313665623363393835313930666261383665373561363662616339353764623836653662
38663537663332613531383461343732326337373166623530383364646339313231613935386631
61633936346162366636366334386662633561653064626533323938643930363762613461663465
63303932646463386430613239373466613131363234353566666632343363383438316261626232
64643735626234333866376664633362633736646461613232323139616333616461636431323064
37626239386635343132343733613664633762323634323666343534646433326463396264306132
34386639646533373764613261333830643539396138643961303165306330336265346635633465
37346337646135316139336236396164393065656439336634306361653632376332316430396263
34646163363163656461633236343634623433303566303139383036613338633536313766373334
37353766353139396465663662616562633336383632393562303162623965323530663164633566
38623564376433323966643435336261363130653666613361356233656162383834376565646430
30626265663066333737393630323330353131343633393065363464326635373361346136303939
63303832633563626434313637366666636535633836663431646336656230656662373464353832
34613833393539316262633134663733653030663437313030663866363030346630663832343236
38623265643836653435353033633332353939613039636632636234643730353662323537336163
35396133643933633930393935356236626336616236613061386361373964316238336535633635
38353764333937313261646330633231626338656361373333666535616239353963356336616336
38633266366234333264333166383931336164316538643566343430316632323365663231313238
30363933323538323561333863653034643732356537363139383939383036303066303437366339
61373531393634393438393861363333393261653735386165666462396263386362616339383439
30303438333334663138326635356231316330656162613864626263393633643534383066613935
35336564623136646130626165623433353639326536623934323430363930363365323864646631
32356533656662663233663162386465356463356231366564656362316665313137343636306238
32326134366463326262383530323765386333343637343964623632313262303432623631633164
31323639336462666563313666333464633333303263333536623337616337663730353237326634
34343362313430633965383165613737306431643538346632363737323834343136623332373431
61386433393738343331383734613638356539346332346332633330366363393138613533323436
61353537323533306462346536373331336164636434643737373439323333636335316136393133
38623835363335626163633262643963356462376464386136326633366461303030666437306366
35313234663935356666633930623038396630383362316538613265323466626435356239623631
31353131373932306630303265313238613963633935633237316164353838323561656531636430
36373563613035376263373462323934316238363636303464626530393332653961303732346331
37343337303431663631336537373931623537373133643162376132363263386563636665366638
34343761373234666264373363303465643935643064363266623665393433613963643735306665
61333535396636643561333333353633306531653165656563636564383930666436343362616161
31303163393464363231313130616130346534303830656333623862393736613730623031663132
32363761626536376263333532656465666532623934323430323330366266303061353236623465
32346333613830353966626361353131333332326436383062316134393533656637626538656132
66383636353439313338393066346464363930663836646337396563323936383531616661356239
64313832356261643765323934373332626235316238366533613732343637356339643533393764
64653166326233656533666431386432633565643362336436386535626131356331306362363739
66303636363934363364363136326430626634343561393363633561303630323334393664396139
36633131633037323130306665313963643438366338636464393933383361363638613638376239
34326238666661383166653937613638363565643336326335636430666336393531373463613965
39386239303330646533393732303262376337363939613538333934346563646334366463343433
31653333383831633964653431666561373832313262316432323733306133616364623463643361
64323166653266636364363830643234383665646135656538616265613433373864383535626537
39653230323461363132303661643231363837373564366563366130316638303531323231646664
35616331326330636664636134363838353731626138313637353063633032396634376235643933
65363065313062623365626364663464623938303061386564323237366436653465373532343665
39306537626132353162633637393838366532336535383132636662323835376364613331346135
33653466313063323664373733353536633738336666393238313438653939303234626366636361
66363665616634666537313635353038363465393632623263366164316539323633636531366336
31653633656435653938636136653964626234643737643830356132623931336636393231383236
39336136333935366263353661313336343432346161386237303133393165623464346238363838
38636539396638386462653765343634383238366239313162366531323132633663643733663134
32303431343438383939613337333837333431656363393739613935363063353461383061636138
65346630316231303561613433623963643732643436653464366332663533623163373338373566
64326431663434363836616439343038383738643135373139346462303536646530623164666337
31643431623863353736643135316166316437656438653362383233306637653837303734653665
36383739343461313364376135646466303764393530623736366665353066356163646632313531
39323036306431646433376135386338353464393033363134636466303962333864326638666630
61336337666231313063383162313533366534626164333035313232396436393165656334333062
62633832343738383234666264373564393137323836366266616436363339643565363535396239
61636436653534373965666138306463393335656462386239393635636230366338373063353039
65633564323833616236333262653332316138356364376434373937363933333665653738626536
36353162353733336438353837373637616536643631663266643561656436653166386661653839
32353530663138303463373530353062366362373531623431346536343666666261303365663231
32623738666335343666326139333562373430326662666533323239313431326530656530333065
33306332363236383962653934666563306563376431383161313037383436333037383739356632
31633637336135373538653138656531613035356132633434313735343536383563386261376438
62636238313438633265646533626433366639386333623765663735383361336432333864313432
61333234306436633431636337383239306537613061633436313364613438373166336430366437
65633361386236306139393133316665346165326235623635366333363261313930616631303066
37396438326537366663626336326639353231363335323530616465303861646362623938366363
39386665353030326539336566353163306164393337313661666533323962313638623462386138
66623934393933376366643033663336386538373036333130343036366130313232323666663065
64303762626438346466386238663733616632303831306232336531366535383464616235316464
39633662366163613161373963646430396361343439656665343333373831326561666338616166
33623461343133313632346632666532396432343539393164363365626231376535396166326562
32373934383962383638666634313864386163313935666130633266646566323561303931363931
66343561653464396631366333626536396136383035633535616563306637626332623639373432
66373239396138333362613565613861303530646439613163336136373130376265653033393166
31643035376439636333316161376237376332613039666237343966633164386539376432323936
37323765363962633234623537396631356163366463393035326634336330633737323430643132
34353630366138393566393065613136633931303230373433343362353333373534303163386636
65393663366536313164336662376165343438323364343765316666356536333037353363326461
39613363313136653531666332326266356238626535646230356336353134383734356462666539
32363634386165396163623337353834333838316134363235646562393739363730633963343766
36643636363565653539633130376332646363316363303430663130366334643363623737636664
62636631643632393434313465613363366433346534373535376231633466623030653231316130
62313463656464626535316562306239393136326464633830366335643962626563326338663130
37643964653361393737336330633334343961633636343332363765653138396333343534366337
30666137393932633031363936346363313131323038376138396539663737343230346534656439
32653966376465393863386162386532346432323533393536626662383537353738333632656661
35323937333337303730333230643430333062376639663635306662313336353338643034666234
33663835313434363432323765353534393962636339393562366430363561613731383839326362
32363637386334626565326235363865363634363539323462623032366137333635656662633466
37363838356132333663323666353731376631646664336639303136653337636434643331643530
36393661646265633564643262366365363139353230633434303730306537383066396636643739
65386535626537626234666363336336306131633033376233666233643733383065323661633532
34626339623532313630663138633431656535353239313435616636336430303435646139633965
33643364666230383434653132366339346362303063333335623763303136383066316661333637
62323464636462323661313038353962376233616132363365313631633536373731616535363635
66396238303331386632316531646535303362373161386436616530353333356432356363323762
38313561303563336334303832653130633533663764613866303138383031393334653831396638
65356634373962613236393666353937383163363866323565383230396563366139386534326561
62343836373965336161353634323535373630623932313762663932663466376266356338353836
38353065326266666639393964653165346638666131316638363763643630616536396166363339
38386363633566643966336134303666656133623061366337313633643632396464623362626466
35326434373032336333373464383137313335356635366631636639636430646436616239336330
37323138643739363462393037326563336462363638643931623039663433616566656231653638
63666465313862376563316538623636303466616163376339353437316638313563616663326262
35656434386138326266383763326562623331393132666266323438653738623935366365633531
32613064643136643461643663373735323238353365626533383163623764663338653162343564
33313662343835643162316465633164383134306235343365336161323635613831623332616635
33656339663730393964366234643265633465363534343338613338613962316630393962313065
37343831623061333333303465343765636364626366626537626436326564366232383736353565
34356262393266383033363231366262663463396362306135376533336562376530633930626666
64346230393265613838363039393063643130373036323737326437326233666433393462353432
33666536363333636635313333393239386433633930613435616336363030303836376138633563
31313434633961616662646132373937633633623466333435653530343430316439303066303733
66623466363438653235623231633035316137623634333833386331303663373066326365383134
31356131376439613366366566386134643365333561653730663337656362613765656130646236
37653664366661646134636639353062306330326461316162333739396130653366333530313632
65633866393762356261303261653435376565316239326136323732303039343236656539353931
30626236376466313533326336353634393133643363396432613837613964376336616337663264
32393438303938663163633938396233383132663763366130373935363230663034666265393031
33316362356434643661633762343765633631333630353937366630386665636431646437623161
66383961616135666362323237376335373334316164376262626539373963626231663338626265
35343430633431323662366530626231626537613336326461356265353238653430383562386132
33333335336535356666316434386665363335306334343161326161653166353036343033653262
61333139633735646365656436343832356663373638646231623765653138663361356631623538
33646436306165366536356161626561336337653831653935323133313335666638353738643235
66626662656664353462623664336536306632303563306333376631363334373531333934363832
64646430623730626337323266613432633031303961316634363533333331613930643434643362
37343264616137356466643238353534333734323037326362353132303439613231393339643061
36653465636331643533313862316164626261643163346332353664613630383839383333623436
33333337343535653036316163343835316465333130373835303132343636363866653464646232
34356138353738616161666231386162353632313133363363353534613562363537383762366537
34303165343636313734343930626464613062333430373461326638383835366431353933366464
61383561323232663631336534623734363836313932616538376334666133303934306666623237
31356261373565333538376230653635303438363034353831393831303639643130646235386632
65626332383835336664313663623061373232386330643261393036303337333531333561303163
35613664633166613731383061653266333833353963383138383564393863656436383734393762
62376634393735313136393232626431663039633838386534303132383034353666626339383237
63626635343433326439376463376335346238343630336330316166656331383439356238326637
62646336393465666263633164636361633764306565303733356634306133646338626136653933
63373665663564316435303331343838323565313336326565343138633639616665666131663630
37623734643533333036336436383135373533353632663631316630373465373762383437306535
64643039353330633362393265663032616336336435366531303931353532373831656336306138
33393630363939333036303732353863666262393238376262653837356531353362663031376333
32613639313839353662643532613162386135363937653062333138323037343864363735383634
63613739326234323333323037626535613863343239616439303561336161383563326236643866
61383134373965646231323863373366666666393933666236623466336661353466393062306264
39616335646465353435353730353762393166373533613461363362316363306234353264383733
38656636383537306231326663346661393830373031633161616136313132333730353630363930
64393636623037353133323465383661613935373062353662326466316134666436343334653762
38343565316538343437386261323532626539313637653366313733663933323238316332353332
34386261643162653339373930643165313532333536303035633237393632376435323634363439
37333035366530316665663430303834393162666630616430643333656336393062373632363135
32343333373632383239373632653461663432306535323438393332653037313265363830363034
38333762303963386335303139656665383762646535366265653461303637343237626339316461
38366339623966396662393061633637613236336266316431323634613033663739666263393666
31336463336466396332353533626636376339303635303532616339333533383032346335623738
31326137393163616663393733376438333962353363373333333034623736343136303161636630
63616634346138336234353934386664386237636237623330643862383332623237383264653938
39363937633562343564356437393637366465313963356133373636653234626437366432373863
62316637666638383462663930653762383865313538626130636235653030343334373264613430
32383264616566396563316230346533626533336166343061366336613835393162613837373266
39616239623862303336396335396238393034623732333835666537633235663061303838356532
32363837336436396430653137303138343436373034373334303965333837353861373366353037
31613865323236343161393330366361303065343139383162366532336335323038633336363562
63353434626230333234323565613765653863343337366631363863643831326330666434313132
31326636626337616531656338393939343038373563303935623463363965373031356539323831
38623734333436306633313837373161336237346364663063663634373132636365646464626666
33643666626663626263343037333963303566366664623630393065323464303562643530626531
39666363353662316565653138353137373934376236313463373537336364616138663030363464
31313232386463323762323434633966323630356161373033643662376361326337616435323934
34313233326662653732353534356562323832616136306238343461326433643266663963383866
38353439313562633366383535343238643538396337313937333931636330666364376437653635
38336430663538636264366162336465333737623663643964613338346462613934666436623866
66666531346137386262326237663132363734663866363733616136323262623965336137613062
38623161343264383561373337343165363030636465363538616166646236653539653536633930
63613139643663666563303937316637613330356362663934346236323061353365653233343866
36633463623962393537626339616336336631323133336631366633383232333263616234373636
36383236323439313362353939623966326264333134393030613766363765633039613039613561
63636461626165363966653365363635616266376166363334343130643633363061323037336266
64383231383335303462396564613236343764663662303834666333656239643433363138343330
31376439383936646637366262633137653830636365613463396435663664346536316130336638
35346337663761346432346262393165646161623364643433386232336332323530323133303036
36663865643937643432336434346562343430386235313936316133666330326337393938643036
30356334393538373338663430323630626665373365303063613736613139333464653761363362
66613837356231366131373363336461653932663662323161393637643137323232663838353466
38636233373263323037393235383334306138316133366134346263613837336237323963653866
31363737333131343430653134626664363466346234666435316234623231376632386338343133
37306434366665383833303036356436613137613762643662633239316331313239376335323939
63303337386564336335376530363138343733643234386433363236323166613239396331663961
36313231386332623666336233333965643763643837653664633735333763613933666636343439
38323861363238383135386162373038626364633737616363386239323263623130353361303765
33653335376566613036396436326439323634333066653937393966656562323466383738303463
37346363633230323531363033343465303163366339633139386635376137313237653265373533
30393037623161653034366164343534343261376461643062333336333234383066306537343934
33306166336634323539313535363433383166313331326537383235343065386362373235633837
34383131393732613962363833353934313163653362383162666235336165646561663131393463
38653535353836653635626433396339633634626438306336303732343161623461653062356362
37346664306632303930353532313038343135633230333133636134613961666461303732383936
63303066633639633437613963633132386664336230616534646237316164343063386130653139
65653933636662323862323434303834623639313637613966333336633832616137326334346465
37393437393262323062616265613165333862303665376362383839313832623266323864383265
39356234363430653937343363633437643933303836303863633335306133666463656438636137
39623865326238393535396365376333303264613434626334353462376435396335333062343937
65303433656637353862313339616234616135656661336561656138343832323036613339626365
66363562383933363465366535636531383935333137376534653862653331633638393162653632
34663335636137613533623462333161633133316134343165323738306530643239356637313664
38626637313862613635396230633731393732646338306433333661363364653566643466303065
32613833333965333137613266646333396534626633646335313636383462653138623864376564
38383566326231306531613065336331633634633162353238346632616239623132316137663462
38326334643033353934383566363033373039623330353166363932306337643836636630303562
64313438646262353637326364303436633333333439336132643565356338323661376564613664
33353039373635363963326661333865633539396431396632366236646132326537356361306231
32373731363964643436343763313133383262616637313766333962656631363536373738303061
34386565386233373761633962366438373962303537316432343135343636313938343536343739
30613035326336383963343231303338633461306265613162353636316263303834366234626165
63356337343462323236316165393332656661313235633466623732376437373063393366383765
63336537356365343936646164646233653934633437646632313536396234373938336662356266
38343933386164343363653564666236643932616639636636316165346131663038386436343433
32323561626637326637383266346331373532633634613135343638643734333234383866613132
33326561333035386364356334356265313939306335653563656630376632643537336436356530
38643738363338646630303834663732306633396630646236383930313832303530373564626439
31613638323132373264633063306166333430333866373837353162656536663861313535333337
31343732316438373865656666663962653233663132353930373434376636303632303165306562
37663761396333613165323537336638643664346237353135326564373035373165393637353666
35626539366235613537393162653739323030613439373134306135356561303135316133613139
62323265316432623933656362306162333738633637363735663662646561663536656534636633
30643239633462313763313432363039326238313739316362326131396537336166313734346632
31303630366161636162663534663232623938316566386236643063363163343638363761363231
34376165663937663239333261303130633362613762393566363763643931646261356663373666
34366265383539373531306464343162343334623934633435383565366463656237333630613565
37323233613665393931383938363963313539613562303430663436326533303764656466336330
35303566323238633966366433616439396232623965663866613661356666653133346132373635
61363564636338323639373031653333623731656462666564653565353165393434363665396564
32663131346636653562323566326563356237373838316530663734376132393366386666663064
65303134373464633064616535366263333864333033333061366133383738653033623565353039
34356162313965653938626463353432313531663763306237623862633732386465353839353162
32376465303935303063663032663436373961376665663465623065626463333033653130646535
39346366333364316136336232356632356666663735363534666238356631656665656435376332
37663337616564666364633038316662336539353836333136383530393635313133633934663235
31303532316533623738353439656431373238353166323861316331633164346631356233343035
35646431623237666234373863396438313239366230393563336232373135353439666364636537
31303632643639636134373063643564653735316631373466666430636431343535386337643862
62383935656631306339333863366431616236316331643464623436336163326330633166333137
37623730336634383230303636353933636233643838613962613938333530376436383361383265
30323664383331646539376132643330356465316337653939376662633034616232376232666634
34633737333239323466653533396164646330323536326335643931383662313931396437396436
64666465313135663636316461393131393763613034316530656464626132343762346131363032
66323836396462363833613634313136386130386331663037613565396462343233616461616434
32663338373839643763353633636139663166303539333530623535393264613163313864333864
34393838336462613534346661306633386332646135316438636634396633386337653066303531
64366563383331343931623837346133626535643830396635633566666266613938303830646536
61623831393963396164613964613066326461393166643936316131396565323634663537396533
31626465656663363432386439663965646439346638663533623336653037616236643864623938
34613766343030306537306633313763343664663738613135643463643938363234393338326137
31653134316134376433383864653733383734653865366662303934313535343139653534393533
31383466376631376665316431376531646134333764333230346638363636376136643539313562
38623832653935613765363230666330633937633061336466626436366330323436326462376532
66333266393633623665636131363365366464353032623735626563616561366561646539363839
34383861336639393436623838353331346437653739353466333933363462666665323538326664
63663463396464313331663738393631356361643364356264666630633135633834636666333834
34643636346533623462386534323737663737373334626430656632366164653034326163303265
33653237313136663337336439343062363065613665333233326135363032656362323931323635
35353537353632326664343835306565363031633461636361383931343364613263363532616232
31313037383463626333666339396438396430626335346439613763313632383733353063353065
62636263333735333263346336393135613837646565333338636532613161343533326234396232
66343961623539633566643664386333336434633461646466383866383564343263346661326161
38303663626136636432653865323732623432626435306134646535303266363039333266336666
37643163646430613261393038396463313735663866376438653263363334616266636165386234
39356135616437306538346430653036313132383561653261306337626639333632393731313235
38343436323934383261633565663134346332633338373232656461373430373535643534333335
35353235613736386265373264646633393436643932323731343265353931616132653333343561
66316366353130626534663931363539613938616466366531393633616262356433663633353761
30623865623062363335343034653331643261626661386139613466396532313063613864616662
65646535633766356466393638313833316336313534363735616337373763653931336136616135
65613833303963343761363064663065646532393034386136343634643630333062353433313533
31336634613133666239386366643466643238333938393165343836376630353736333635666332
30346234376566393635653062616636643738613438383462396235366636313433623838633134
38313066663235633066656335376237666638323039393837366533616361613237346337333266
36353932333737313933353639623230393230633332623835626363306532383336333931623439
63613734643563343664376165343761323131336136373561666339393630386635303165633564
37326663656339636539306231396163306663653933656637393566303731626331393966383439
65623432303735383237663962656263376462336362343831653530363866333766383362373665
33323565353366333137343032383232663038326134656331373736666631336137623165626637
32333362643238633466326430643465356239333930646331303961343136643434303063653039
63313034373433373533373266613562623732666264363036396534646461666131343335326463
61646231626164356233336238386634373332333532326661353862346262313466386239636131
37366136636236316233343039383536653962343437656534313666363962313832373535386431
63306132383163343332666138346436633534303535636336633339613366376662326139363831
37336563616166323565393061333139613733653832303364323161653138333061303936326430
38313538316361623437663837353162613662376432353534613633346530376663633032316561
38366363653136306335633539343961363732303665313163613532383835666635336535303239
35343365353565396466393331383535333865313632323232663031396533343331373065343434
39316163326332613436306531303766343133633134663065663163336663626136353765633433
62326236373835333238303332316232313564633735313938656163623939343731313039623066
62313563663664306338343131363530616632663737393064316563373637636637346663346130
65343334376565326362613265363664663535653064343062626532313033646465636234663363
61613566373736626437616438636431326165323537623532303235653266383635643130356637
39316137663539323037633161616264383061633662393830616531363462306236313032666430
32633037626134643838346266346236343038373537313365373865356365356233393661633966
39613730353933303239646565346363613531646234393437653134653864626366333338386237
64613731306261303637363363653030616535326133666238396666356565363233666634373064
39303435343639663032323736633035666663393765333362303535626566613730623439363336
34346230343463643864663464353038616238356633313737313330333731353866323036653064
36323762663735383166613962376461343038626230633735313436373363366231393063616364
62626533656139353837313136663231373535613134393633663534393836666162366331656135
37376263663330613936353034363766383066323936323332636161653963396638376264346534
65616237356266346538663734323737363230643965316364376662333063633732666635663862
65653332346330376232643834373336323566366135346432386263613436376336613834623639
31353530366238623534343039386235326464373437306463306135376136393331653938623431
61346236363732316264643766346261353732643565323166623436626139323033653334613133
39333034363530383531346465346133353734343339363130393831303939326337643938343735
34393037336662333366333266623661366437653530646664643035336131333766633638386237
38386437656361323466623135383361306339373961623132393062323439653734313431383132
35396464633362366633396331353664653130376163396537376565333637663536356532353332
31333565653339373030356132323138633432653161333739336234613136633131363333386265
63636330333636303363323065316666613032323936653464616164623336303763646431346634
62663237326162313966396164613536383461363936646439633130313966636563306332663337
35313263366263373163373334616131633064636262656536623664373738653264633939313330
62303435376332623231666136386439613435663932656334623264633265613563666662656232
65336436663630306336633665386338396535306435333232613531383934663864356632613631
37666231393436343035373836353834623939383465313934626632313635366438393266346536
35343431643135306264633163323033353531313139613830393131366164643239323966343131
38613864653039653132356566333830623936646634326634376166303135666535663036646431
39356566323237623936323932346363386634333931663537643239636632373931646130666361
31396662303861303032366137373739383336356362653966363465393765376435636236656661
30643030353165323932303366376135626637326562656439366439356630343732353138383236
61623031316533353565353162313330353533333339633836356265353135353262376266663762
62313066313938616461636436663064616436333164626239393433343265333165323137333338
35613432613035346266346436306437643335633961343235313362333434313563376338323336
65363964353034363562346531383130626462316362326336306131656436353237636533383364
63643431333732623661643166613464386536623330623439316362623465396539363834343035
66636634323166343038626261353365303336623761306631666532343262663432393937643664
32316165656566613837323233393362653263333764393962393232313835363033393336353266
35383739643561336265636130613835396333376165323035666166633938353433363037616130
62656161666137303430386236303639613433313836663233343964333332643537306636306637
32623030353933303037616462633466663537313761303263653763343232333835613966373834
30363464623131323239346631353834366364313838646462343833306334666139663835393864
35383134623666313431396265326564663236336366636232396664656265396637356235613736
66656430623233343533636333323836616164326566656463343538343034636132383262653333
38313561363837656436323335363430343633346432326566323032343138663063616134343036
34306264383663623462303632393236663663393733363134653163303237373661646430643265
31383463323738373133363932323663636363386362396439313830653134656236383831663565
62343534633736643162376265353835323431663734633163366632623432306163393762613132
39656435623538316538666363613435313632313864643562646464663662386661366562653235
64303238383033663934353565396662633966366238616238313634656364303238366333343937
35613835336361663266303139343963306133626135306239303763653866613465663633643138
39343735653663356333303763333161336665646230316132623861333737393763303639613734
31653563636664386331323736343937303663633238623666623438653865346533666363646366
31626534366633396464303639626163396631373130656231313665323038306464373266396665
34613236653464633333363237623332663234666438343539633138643832613764616665336237
32333265663833386635303331326335306266396632366162303662366633336430646666653635
34323431303136323830353335333163343331616431393466396137396535666662653334383435
62326630303633363962646463363635323364636639336466663331333436366666663638643730
34393938373230303066383030663932336130303564383165663963333766633038323366323362
61383136396134363363313335323134396138356234396432636364316638636562386638373138
30623861663462633837386137363663653962356332353435613461643135343762363366353735
63656166396262383363646237636561623466623937613537393037633766333935303531333364
66346631363833663931396662316664376630373662633739363732386432363732396134636463
33306632373261353537333965666266333436303230616635623965663736336637393866653363
63653664663334323338346563376430383737336339623366623165393336643266313065356331
30373333383765656332353630353161356435383133613565613265306161383463306434373266
64356233613636626166366434316465626362366366636634653565613336333031396639306538
33613439636634336634366137353863623237623561636566386535623434373731383863313035
30663131373331303232373063376166613030653864626638323362323534303030646336376133
66336163666539643331313234646533633330333130363134343664393632326561313865366363
36393633363835393438646437333364323336323038313765663734633562643933333735363435
64623161666562666131616131303561653663306564333262643038353430336361336535303231
36363361326530356565623961356664346465613038353039363232326663383930646432343266
63396337663439386432303131643735373138316465653737316638326634333063353466363930
39663761623830366562356134323630663134303634653834303662646135643664646237353638
64373166636562366166316165363335616335336538613466376132643733633365386461306134
34633066316539366566663139666162656235663337613431316262366335386437646264333439
35313563623966353432366566346631643630363334343062633661366262353235353937616431
34653139386539333830363631633739346639633763313331386439663130336531356433333762
63363566653663633432663738336632323630343838653533303230306632653937343134356165
36373466313935333463313966363462303931626630396336336564316235366436333634353735
30333536626161323464356439656463666234333264643265323432366230623738313266303739
33613939653765323732663363306465656630366561616162666236323163623132653238646364
30663039613033333866333532303537323463633863393265623836393339613066366638346662
37643735363663356237643666626235633961316161663939346263383031333764303136653034
65343062346333623333383630383637353564623632373663373339663239393435316635336138
34666433386166363066386535373336356538366139353265623661306666643261326361303537
38656661323738373265303561633634626437306238343138326232363831363436353763393663
39636332356539386232653537353963343038333931646166323261616130666337663764363834
62313934313536323639323163353337333436346532363137396261656365333935636361653533
30613563636261613237336464623838653738643066383236306332353863656663653839306230
66613462343536623139316436623239623037343533353362646365333131386561366532633236
64626633343164666530383739383765386139306638353964363363626139663561303731316430
61376635336265663430656430633565376436616566633339363834653631393863336132663437
64663664623961356262363032363436656535653130666133613838333162336630636566353564
65646163313963643938353631393362643264343239383338346335633031306162653638373965
62666531643463323338646431386435383134383332623038303262343963626435663232393764
31646461383566356136356635353739616662653430303335306338326232663663623138393334
35373630303239663033353139323663646465643139376434356165333231623161393833356266
38323563393636366464623331386339333764316634636637613239306236383262373738373066
33653930333034656662373661316336353163653265363037636336366431306464626530643263
34306565343631636431643538396338396637616363613030343833346664653336663538643634
35663438303936653335343861393434386431383134643437636535386165366332663536656638
33393765323935316338353862303330643463353062343363616561326566636437633837313238
32613764346262623937636330333336366337646537346438343339633633303036363539313638
34323266303161343032613130633864653664356338366431653837626135386165303334646636
65353032316666383833373161373663343038636430303033616162643936353764306134326464
34653832366438633337336232393132616334643338313432313964633033353863353434326165
35646435396163363932393733633933616631646531663336373439316234636435303131623731
39626165313035396537323731316238356466636336646235343531653639386133353335323734
35373364646435626363346461633466656230613464303761356466393566336538633035316566
62363234613838646530313731636663666636303435656663613930613461646638613563316363
63643966363264636432623062353863333433313735623735313861653038316135393966323636
31383739336130626162636434343437396137356137616338373133613633366434363436386130
37326661383464373461366232363039633564626535383465616334386630383838393432623062
37383337333830346562633134313435343665346564343037396536336233386236336433323434
64393731376666383030303161386462396564373434316539666165303336636138633865333930
34656634343934656265373564633330653837653938383465386635376563316336356136356361
36373638333536656561636436663639613130333637343430653336633762356264303630663538
39643965633537303031666438333366333233373131633831366635346664633937643063353065
36626233383935666262376534303633303431326466386162643137303862313834656331616336
61343163663234396566646636303631653266373166323230626666623339386133383264306262
63336462346639623236346163306330356235643766313334643534363336663264663034663137
38386265306333306138313836343434626630656138383134623439396331383135376661313832
62616563323439323534323561386234616434386331663366343237393966663133396365373866
38616537613437346236616432643131366432643962636562333862623535663239653265636232
34306630376165653062653230636361326432616362626364386634613738346533303831666361
38313236393338333737626262613766643034353661643435666631353365313163643237613633
39333333336465646230343839646364313432663035373031636663623839383535646465636262
38643036353861653130646463613138343336653561363935323061656365313331663337323763
34313361363835356533636538376665313365376364386539383235396232366334316264316366
66386236396164366263313235366233646136346563356264343465353132616562323563343939
65373630343631353133393132636531343532646230336437306364303039653261623738616531
35643062343838663237396435303231656565393966636534376465656165396462333939353936
39366463326332636332383233353232333766306430333163613865313130623761393166313639
31343462343832376136396363643835326466336566366332373133656665643363353966313165
36653337346566313335666535346163633962333536366331633164636438343739623464633539
31386665363331626463326538376261313966376364666433643037366563393530353763396134
66663266393939663639313034653065313836346362316639303163376363353938666634336164
32656363323030346364393862663734633532613461303439306330363237386536613137633831
35373534616633333364363734326538663063643161653039333030313064383137396262323832
30383836303136343631623831626536363733353037653139396265373837633037633334663964
33643430333039366631616361323733663564383863633937643563656238363064313063616163
30623933633237343536646161323131316537623261393963363334316665393834376661343763
38393535363965663734303531663565313334346637333539383733313262643938363639343538
62346338326432383434366236663830353731626631303161306236383433663463313564393863
32663763333130383265663430623861326566386563373533613365333432363862643535393565
62656632666263616164373733313163643039363537333166313262663639633538373135333938
32323336336632316665333239363530653037306138363836353437623265373436636530333834
62383032383832376264383539623731626362376561396537313861666661623032393237393962
33633566326436386439663332646239336462303230363439656565656661343330393734303336
39393666663936643635303631393964356536396536663832393537356334313834656533653331
34643530363036666165326630303137303633363237396138353061306434353061323435656366
64663839353666656433653835643862363132636634306361336362373535336531363232626261
39636163623135663538663337393930623638313637663231636430303337653131386461306462
65656362646638386163326238646532656530396537373332633434316231343632666634383664
32356262623132353736326136316233356632363761626563333861653338613736616638376331
32663662356538366333623032343866653132313565356234316137303032333561396431663836
36613666303634393334303063333765333239613236633863373866656464613333633733353632
31663230383262323361666463653737333433373761616535313763623335633066363066393133
31613565646263353466383137653536623135636234326163353763373331393539653831396365
33303736386664393239333031333339623639663261306635346230313736663830313061373335
63643363376366333163313634633835623764343933663236346163386630336338633235646632
30643933326334633233333763623432303665326561313539666262393562656234356163343133
39633432396537656662666265653137326137383665323131653731316233333765623966303732
62383266376566656433393864313033653433333464646662363266666263613734333237383732
63323465626166663831333431303765336666356536356630383431386536636334656565613564
66323234313930613133363264663736653135303765383465663933336533363664366432313935
65353731376162613263373036343565323031636433626666363832333262393261396435666264
64326639623334353333646235653830396234373033306235313339313261383238616664313432
64386539323037626336303038656662656433373133643161396538343334336634343839326565
62383633326635363436383032623637363765643836633334376437663632643131653131313439
38343037313663653763636165663138643436323130376161623361313831636333396338646237
34323234376238316636396136326138663030646333396337623763303261373065643332656362
37383535616463393938363834623865323762306130343836353636366634393563663464663836
64373432363861666333353334396332343435663937623862313739653535626136636464643263
66623366373266343164396530323364313932343764303861316163633263306531616230643231
37326130346362363738353438666339336664356665346264383861316164373138643562643835
30656361356431373834656531323161373262306364643039383532303136636433376162653965
34343930346565646463366565306438353563653739386661313232343265393230373138326133
62393332376135663761303733626361363366333164396138306237663736306338326163626361
30666265653764366662613434646437333530363466306464653130633066613366613061613134
66373931383463346365663266636466376435666561313735623163363637363162353637386138
31326333643537376564336630323233393962623332326263336535663230316631323939353837
30363465353763333330666134663064386339386233636165366135376230393939356465616364
61623265333237366264323930386431653732393437396232326131656365373231623765633834
31376133616438346462353738326439663832323935666431623137616235616261323339636462
63316436356339666235373333613165373331333665303939323330656266396632646336363761
33363661313261386665626464326531656533633235336334636537323332623266336664376630
32356663643631353163363034616632386164396638623863373133366461333765613837383933
63353563633366666138393062643335613532313565333637326335666635663562653162646132
38313933653531306662613364323536633930393833303732366361613234336433333262613963
66346137666136633938653966333562343530393461303565656630326562653764323764623165
35396138393830653038666232353662333961386662333037633738613731623835323763336534
61326536306262633238303165353236336131306132313039303832626234323861353536656134
66356265656536623161383936653164353633643630306334373231343130653934393333353863
33313665316130303636636331663836373566316232363033393438636439333239616639636133
31363461383664346365643563316361633832383132323836353033633332626232623934303665
63363064636231333133616266333266646335616663363163393530386536623839656565633962
62356437306664653232396332616265313830646366656265393161333738616261303433383235
34653763303937353966393266643837393638623563346265333463656235393536636134623264
30663261393361396162343739363637373532623835343261633165333065363031353930383537
35653961323835316432623636636432363638626230343930353961393138666565336266653831
6637363337333134396132393439613033336437656661626136
