$ANSIBLE_VAULT;1.1;AES256
65386266616139323262363366333166323436613561646264613166383962633435393365316263
3034653562366163656336613633313838333365613538620a353965613164353636353437303138
61396363656635386231643064613566376134396134663534346239383335623538376139383165
3230663539333061360a313136626163363161393665323833343131613235356634303666393762
31616664363431383665393364633162646433633966633733653636333239363935646536323761
62613836616433626433643332393634386664343466633763316636646462343634346335666266
63346264653531336538393230383439366637343465613031633337396633353066303233613536
31323136656464343166383539666233343432323631343038336239643231393061323439343634
31366333343938656565303033376131636137393037343161626436613662323437636433353863
38336632336436326238666663303039303531336332616230623465366264613666636439643037
34343634363938663233353563323061353165393733303666643063363636623531313437356336
62316435356531383835646566326665303566383266613764646130643132303132386130363536
61633362376239376462356634623536326164383763633733613031643362626266366238343136
32343333363065363965393037613133396332326536623164313534323135393936346433383539
63663330653736616563346361613736333838613338663433613765303765383037663961616134
64313931616463383962646237386630376663303736653933633038353137636534363831346131
61653866666638363237323537356265666335353836636335623339366334623838313362333534
33646362613065373666656635653266376161636164613933383962633134613732646334633939
34626633663837363633323538383234646466343564396465623230333766323462323934316339
61313833303139383463386462373963343931613065336132343430303463366337646332323739
38316565353934343131616439383763323061343531393330393934366463613335333161316238
30623135373863353836613664316238353963643730343130613063626631373432653539623766
30343135376538323832326266353936636662613064333964626431323035616532383431333330
36323431383632616435393464363838353438616334383161376463373064653533626161633233
66343265393932383837336638353731623565306163326539663239666635666164373639346331
33636263643262616436656566306231613231613438616362393239393832636265343934626239
62303162323034303363653561663836663738356131333866626366333632386266613532663763
32373563386466343439326634393864646433323336646131636431303636343431663063386563
64643031616433643764383637363563386131343062313939656437353533333132336332303262
35346638376133666165373761666462656162663262306562626135343530383563333766633730
32346163356634376634333834393962396632316133313333386161323134636531306239613234
61613562663361626535663866333161643932663930623665653535306262643439636238326563
32396336366437376365346630306433336637623138336265303430666332613636313266616366
64623637623961343131646135303732623134326164623538636665386531386464623638656539
30336161326533626434326463306139613634376362666237313364393537623930373731326638
38623466326563343235313862303061326136306163663666333166333332343537333334366434
61396430393338633961323739613230353139353162363633626639653434613135626434346661
36376233313862376233656339383931353636343136303135303431353661636564366666343639
35323834616261306431336131666134396534373362353730323263343938383033626565643463
62353364383566323935653330626133613633323833376336623433306230616565633463313037
36333163356232313536336132353437643166313739666630663331366563653830636636316339
31643736316366643235363264613864336263323236323564643866373438653637303064353661
33626235633235643532326439353664393362363531353838663035636636616161626133376136
37373363323535376336653837363630316133366432623566363761663737336133636566663231
62636333633530326133643164316231616438633265353366353061633335623838353663303738
35646463326331323433613539363739626464663336373933313564613962326163303330383661
31623933363636313264396336353137343636663032336232336431666432623735356239643033
62666236343438616436633339336231613961346630316364653333653066626631623230313331
65633537336564306139346666303362323739356237336465333730643634373361316137313034
61396366303937313539393734646139303962626437316637616438343061313766376533363266
363037623032656565383962313135393964
