$ANSIBLE_VAULT;1.1;AES256
63393331326136643861353439353536313436643961393235663162353263303461613766613038
6132363231386638663332633130356532353731363461630a653165373233613536353135633965
62626364383837343031623433623338663032393437666564333165363933643130313031613937
3132323762343931350a623761666232643636616238656338363736623864353835343665633161
34613466353836393063346538343133376562323437353232393130333333303937326666633038
33623637326563386637343863333239613736633564333030333965306634316434316133626163
63666564616661643561376266613366393863313239343639656630613133643836346336323764
39356438653263373235306263366162653266383032316265383136633761366633656333343361
64343837346133636463366537303231653634346436333135616230393832306430356465366539
39353935396137626561343130346634346538623932646438343538626362353738343839653439
37646231646634663634303339326465353265333739636430356132363361333161303738306134
30323962626435666165633765313237643231656163303630396438663937333936633962333062
37346133346361653261613538366139303037633163363039353837666363316638366162366462
37623536316366353533653563386239306630313137623037363331366461326535333030613065
62656339623464353362363631666265333533633433613663626132353030343262636161613631
30313131303835656662313135343837346437386265623061316339663732353332616339643135
63333631393132306666353936396132666139306163653139613265373431656562386330306533
66343330326230386136366231306534393237623166383866336531306262366361353535303532
61663964313161333563643765393731376266663566633436373736396232353238386262313938
33373866376362336363653032626165616630336565663466373465316561346262616238343334
30323965393863316536363439373664653037663362623630316163323338643065633539366533
36363561653466333331613038633264633865663661306237623733323431613230393936366535
32343332363761616434653931383635626630316565303135316533346265646662626264613832
35333939376163653665303133323333303962313163346633636134643561633536393131366238
37323264373864346465356237303164303564353731623636363662393436326563343138646266
30326663383066663830363134393433653735333035656266653166363332616164326139393233
65663965323932396162343236643362353036393235323362383063343135386439316330366138
34366234626332616462303338613866393234333464616162356137383137326363646262623833
37616464346563393634336535626464326435363830326563363832346638383835383439656463
62653562653161373866623436656633383936626664396364373735373162663938343236616166
31663265636331393863313032353461643962373261663132346434383064373835323461653461
38303236373566646337336565643530383565323337616230313561646365303663383262366661
61326331663662313166383435393461396332643662386235303262656436396639623565383162
37313439636133313436313564323665346537633231356136353130393331386634643030393463
39613931363035363438663238353465626439373537306636376264643161313235353039396532
34663866316135316230316166386439633162356633383034663738386130316138316536616532
37383461323631373336323134393731366131303835313961656332633636373039356566613861
66363139393238323161666239396361356663386238646363626535313261356361383932393839
32643164626132633430356262386464303539643536613836636263623832336233316561666334
65306438306139343166343838323461333831303334316664313937303132633239633433353739
31323732316533323737636437376135316537316132383435366561353164666663383130356661
32663139633834383562646333336232333633346463643131376536333661353866383036333531
39653738313634626232316466346231326164653935333566333339336633393066613439653663
36613135656463656564303866363036666436653166346436303134623633386430383431366165
39656339656531633064393163633433383164633165303939313164313631323065333061636266
61653934363066663662333365663237653238383530396166336461303737613837646533313033
33333135333634643864353063393234623230323834333533313233356238633037316364376566
61303333313537633764663637633264643461383431303437356664613262366466666561393832
35623138323838366265356464336661633466306233353061353339356561363239373430393465
64636261393464616463326561353064386434666239613764643033666662356535646464376532
36663439643964633739363931653336613566666366386162303137383936363237346566316437
31663262656137316261383665613737373231613564383937633530373233613939393665666666
36313030326662663865373161376265383634323761666438373861323335653035343134303231
30646334613637623061333834633036616161376233306531636433316261383836326264333336
61306465633339363138653635396562393262393062653262393037353234326433306666633361
61626537626235656131306535303233656631623635356333343936316334623366656264353763
62363631646431333162393362323037613638366133396635333037643433663931643835343761
63656264306566343135623064653861663939376238653532656666393865306337373334326137
63323665623562666561383463653730303232396331616562633434633536336133393139633161
35633463393332623032646661633264343865373566666239396630613038303237626665663731
32346663646162336666326566326162343131666362643635663731326132386566376166396432
32626633616331663961303963346530373563643239633138336435633234316236346265396632
31623761393733353463343938323233623830316238346332306333353738386431356261636633
65363262393363613632623466636166663839626365363332303166626536663763383761323033
62383639313863653937653766356434303437346534353566666365333932386436623664313534
38643165666664343565656463653363353635343032343231306430343333646566653234333133
65633134626538396361313463383761363037633338616162363865326131313463636237633961
65313535633262343965613165383337623634356436646137623764313061383934386334326132
31343635633233383064393630363134643331323164373363346535313835663063343461373035
36663566343433643234656533343836663737626438633131663065373536623363656131343534
65353432613061633431643034343938376331313531623838616538353937623139636235303434
31346539343335366633356261386238373930303334643438643234353035313935366161323566
33363336303439643163303062353532323339386338613536356132653835633333353230623066
39633933343465663465376261363235373365383762366339313933363264383263663962363331
37303465353362626266633763613861386530636365393538393835326135396262323662306464
38613131623732343134643831333561306635393630326634356265373732623030303738386265
36636230343462663765616566303934363735636332383936663139623839386361396336303261
30323634666663623032356639346230333930323139666163643330616265646634306137633330
39306134636235333035393766386234363338666132356631346166386335353035643431363137
39336463636439346662623365343466303465383863666566373339336362636633303463653739
30323334633038633237653765306532623862666662343539306365346336396261623433633937
31363662356362346435353963663933386337633931663661646463616537346266663534663032
31326637306662393564336239633566666232616635653631623564616663373766363634376463
65613534393538636631313965346264636335303662363564353561353736313566363861666366
62333434633465383439376134623831336237313265633436343531613734386365396162313033
31366366303636623839336261623039663230373631653336616138666135653063646366346130
37363864316533363531353236303137303961656464363132353635346638356239373864646632
39373137393739306330333636626232356465336531323062336564396566323564356166356165
66313465393964353466643964316165623939323461653230363462306233643330393136336430
34343761313739656365646361336664313035616639336265663862646163323339646330323732
66383833343637653164616436656264653337393534623930343861383337343363396338343034
66663866643462386337613030333563663437353737383435373161623832356164623635313333
65356136613961353265336663663130306338356463313530316630653431303236636565313630
66613863626235376233623263366664396334396239373765386263613434613262343365356266
38303062396561316466303162313531333538643065343762636664343364353465356366313038
31666166316231383034316632623239623934373636313133346165636636336265613133326136
35316230656536653964396538363165303361633035633037323865393165616434303761346536
32383236316637346438373465363264393066646637343133313232313937353932346131666530
34313535393530303663363038643533656163666334336434376139373530356332356264663433
65633839373732646139623364356466303737633533613635366135393134353838313935386335
61663536633861366537666134343238386133303366336436333733663265393431396436396231
34393933346332616366303532343762663431396437333765656537363061373465633232393462
39653264346433613362366233333232653361353031633061623932373666366331623736333538
63643035353135633333376562613839363863303763653138656134336566653135373437613363
63333062303365666232353765656338326535666363626635663238646365643465333930343837
61356138396439353066643766656336353535326162616539383763393263336539323239663538
35616264383835633632633532333231366261353635626239333337363562666330333466633039
33656364353836383364646631313762373230656161326131383933356536666563386361323464
33653466363535623933633337306232303431663033343839373437396566303234626630646231
34633166643164613934343561393233326466323639663962383265346236303639636363326333
30386338376135656664353332646236643637383863613862643566636339326365303937626139
66396430613739633235626264383635373536326636623733633739636331633235616162393435
37393161306231663737363731336232613865633238303263346664396463616561313932623163
39313539353539646332363739306437653364613532613836306665363331306531373839663366
65666161633932663862623965653331366135323833306337643364366431396637636537656631
62616233313032646538
