$ANSIBLE_VAULT;1.1;AES256
63636264663062653539383561363761343530613134653736333836396161326463663032346430
3434633064386434663462306665306463376632336161300a633738653465373131623938663762
64333131643465376565323564396234343830383065373265336366363434323137636438633635
3739333437303862610a376132363835363835366361303430346333636439393736383336613637
64363061343166376438353431323531613361623930326135663239383264353433643637623237
36303033643130306135366132386131303962636136633131666361383461326237373666646234
64363339323732653730653230393030363061326531376433313264303264613231643538326466
35653531346332326661626537663239613830613436323734333165363961613966633866366439
33616436636566643664663761366262646531323035373334643831373339626464666566306561
31326661353936383638396561663830356363393238353731396435356131383737646465343865
34303966346138313362346261363630376566623332653863366365396632663766303530613231
63613463616635396236393132366535663062623231366566363239376439636134666137636666
65663433356565356365333337313961333834353837363863663266373631333062303134663536
36663533653336343133613333633733616535393035663961616464373336376530613138623135
33633231373835363330373562313338393033343230363564343239623037623738666162653366
35633532663964333563633930306235383036303231633334663833663866373433626336383230
63396161396561666238396462393963646266613437363931653066653437623832386333363261
34323965313063346431353438633438356333363639653062653166643337623364353638636239
31633638326332346436316530613537383536366334383434333164366135323139343036643238
37333236383335643830666538663462333739396662353234363665386531616439363662633266
64616437623739363330363964333564643462613066643332353735643834646339666134306638
31613466343639633532363132353964666265666565346432646634303932313938366665333763
33636566616138626539363964613938343264626635613936386162643432373136386161366566
36393861366264363164633738353465383335626366646561353739366162356233393666316432
38366664376665656234373466633364376239643836383032653966343365623335653734356662
36326263616164363637663432303631653133303530333433353331353034653239633333353230
34386237323233333931653733643934396138336165623634373139616237313134323365353437
66633261646565343364666433356331613262636532613033653137343834303062643165663030
39383465353766333231333735633338326231663136303963323736386530306633346531376632
37383231326636663462303033666135333139343437653535366434633330323566393364663061
34313537363030376436663030336637396137646536626366376535303735303166626265656462
35386562306636373636326361333861336264306337666464326432623164303634336332316665
62653431363337343538353039656661373066383163353236303164313231633961346261383830
63613265643865663933633938376663306331353938333639653732316336633435353338646234
38313063323366343934393637633532633661333739363466393739643364646537313265336334
31353136613462633364373265343661326230636432663935363063343234626162656661656439
31393634376432356332313266303238306363393965613364363064616261313665316532353766
31353362326435393065396237326338373230303763383930313536383636333430616136623438
64303531396332323639653936376261623238383237616135396263363934613932613537303032
63643034383938623638393930666238616435383039633335373965633933613865386363633538
63333434343230633233633234366433366466393332346266636434613638616336333035643630
31336537346538343165353031346331396162393561393766356166353664303166616530363633
31333332636331363735633463663530393635666237646563313932633436343036636234333562
32323335393866323631346236353831636535393966343832613539653230386538343235326338
32623266636236393734393532613764396639313161323562636332643965316638353864326666
63323361366636313131363064356266616132333738363739323137383166376230356535626165
62313263656632306566383431323938336330366238636366363463363033323630663937356232
33303863386664633366663833336466643961353930356333396366646336376531373963363666
65643439323166653734313732353031663266326665626662313236636636353038346263643461
34646565323838376436393330646530326666633162306365643034373231346137383764626233
61343632653863373539363333356333323634636230333232336466653961353662373234353435
33626431363465663531373732306161663039353831383266353863313333626661633563336335
39363239326663326337343461303331383264326466363363653265303165316330616663383462
32663735666531373333323565363335393438636161336462333232326564646666626332303437
62356235323436366130666262336538326639386563383132613766316266333566633433353232
32373136313739306261613738393439333535626265336232653639303931636265313163323537
32616261633036633165323666333262653536333632333762383638306163623332663765366163
32376233613966353365346634323932333733613066653039623065643938633032626533313335
35663265613037346136616638656264663134373035353766396363386339366465623161643839
66363238323661663037326136623862393534396339346438616364353465656338383064353230
63373636613332663439663032663463643932343835393632623863636132623762366631636563
61663931343365623063626539656239626163626439626630363637303730613463356466393839
66653337383065656633313438653937663134383236663733316339646335326533626334313565
30353336663063666166316136363033383037363164653530653066313239636232323862376538
30373865663766663135643962646232393832633732336537623862323264626539326563353132
64656432393131376263656636643231623638356162643533666638393530393231393461623562
64333565623663323264636530646565643637316361376637356230623134623835353039303334
33333939626136363037616239306135366436346534646661303334383036356234373433373639
39633936343439346337303162646365313833623031323736343262386235666166336361383434
65383935616637303034613264656332636361646130346338383166313832373637653830346139
62393832646162363634366466353232356636373335623238346465643739393330656462353339
63313364333061343038633835636362303030623764333839633536356561353064636137376362
33383031653262336137393737353336633836333631663763623765643431633030326532333664
37363462366238353362643961343637343533366363656161383738653736353837316635643036
30343636366233633032656665303533363036613864386434376232613062666432363066363763
30316631643933653131366633386636633236373862386666333830353961373662623163353132
33363336366362663838343135343062386533666130333933366439663531393736333438306631
64313863393333363363303266366432373465626232376463633061396266353663323030396438
30393435333338623237316266656133643032366264366564643830616333346238343439636364
63633639323539656339343763383037306365346438336366616133333637313365343835326262
65366439323264663235393333373362306461616137396164623436633131336164303965663033
33336165616466373635626361643134626334363764393262373930623762653332313965393535
64663232363538653231303434363261653666613737373735626432356237653366636132633563
62333065363632633637386239383065616232303362353839646166386233323338353563616233
62326565623931363761386131343533626465636330343033636264613036303731356535363938
31343762653462633738303831323561623961303838363138333131393033663762663835623662
63303364646566313163323438343635313962333232326234306230653563646465386436313563
32383962356165633063313738366161363538346439373535616534656333363266613336306535
39633335343563393537326333393761306464316565383231376336383636343532363164656430
37623530646265306166633837643033373334353633343966663630303636306532393661306266
32376136363335313435613339363161623561303733656566616239336431646361363035316634
39616631326439353663346465366666353730613034613534656330383139666131383538306161
31656136306261363964363862303665306461323236323865396533643730643265633837376361
61633834386166303966396339346538373534656237646634396231613963353463623033353637
34366537656566303137383937396234656231396161316537616438323261373862636633656137
36313330393461346332366461643536343234323034343739343165353463373530326362346463
38393531646166313362613537613836323232336133333637366537356336313138653735303333
34333262346432623934613866333731326462653263393730613234336261383566393934383961
61323139333938343930656432653639623665386338306136303738363339326430356633613632
30396338336564316361336163613336663065626666666331623039336134353030363732633032
39376437656337613638393236656230346439336333653163356533353030326163393734666564
30643230366331326130336332646237316536363036626539643037303963646231363334653535
616632313038316336393262653431613334
