$ANSIBLE_VAULT;1.1;AES256
62366437393033646465363037353961633662353930336564336538313761343833633261613036
3938393930626436323436343834366339396166373835350a646132623737633038666537653833
32313637636462653234646535383230336231626364393832363834336232623165643465336633
6436633965623330310a313161323939613238323431643064353832353461396234626534366237
63303931326661353461643432636234326233666436383962666332393233633633623065636433
31653633363132346266656565616662313730333930393035626164323437386166633730323065
63633664613733373134613033636638353236613637393531353735356330346435396363633263
31363861653838386263653134363831303164643561333037396635393535666566646530323730
37326462323032663933346636363238376632643463306338643566303661346232303033613062
38316630303662613034333831383932396339303437376461666161393466393561666432313033
65363161373035386565643036623739356537643962626166363232633635323563663263386136
32386635623739336462373965303862336138376636633634383964393436356131663835386663
33326130386262336132323961663035373066353938313266343331303532393864316332613966
30326639626230396233366633653739633161633763373365323062393136373361636139313736
30333762343832343536306238333432636136663237666664333730376638613866333131376630
38643837343039393237356434356136396237363166386636316635633536363730376161373766
66343039306431343737653763333438373833376638383665393365666636383331346435393632
65623039613035333537353432303339663162383631613463306130363036356436646163613631
61666365376334316561393637346435643033396635623264333061663065393566376166353536
33613731353866313262343964366335313130363666396365323334353063363933623636326636
66383961396230636238386337633261353437393431343566396432616439623539663234326232
34373532626564336663626231373365333931363231386239633362653634626666666636626336
61623739633062386466323161383830663133323163656238643330353538636237336539383834
62383039336531633637393364663834613134653935343736616438343430326233353431313739
31626133346638343435316439623130343834643138323562626366376132386334616633343964
32333338386166633230656539623464353731323663396264353461623761373737316365336665
37626136663637353634653936396336343363633539363661366536626434353161376439353930
33313638643533353163346262353333633165613566313838643164353234666263326366326661
35323233616330393636333439353637656131633731656164383334346266633635353839623234
37343031623366633932646662613165663331353061633661343966306435363834626532636431
66346339656537636133633336366438373938353736376335356230663734643239663832356532
39353135383366383033
