$ANSIBLE_VAULT;1.1;AES256
61663539313537336239623938666337393562343136353136623132386631613334646236336232
3733643533383934306230616231373034646438363266380a613863333431323062313237643934
38636461353263333764633566643435333034613039303139656462666430636136623335303232
6465663538313338320a643161623834643362393737346431373166616165633061393161366433
62626664376433363737616238616561383438383431626531353737323530323933383230316565
63343836626536383432656239333234363237636236346536343264303430346532363730376137
38356234366461303461353931313866303232653237393033313536386333323461303763333131
31656365383539613133623637303530656639386630666335333532643761303563386230393638
62343935353937343836346636643435666466666432353664643461323832316431363163643334
30346134336464393162333137643862343034303762646163396462343434643039663231666336
63643731623139396665613835333137363963393136366631343763326630303530323838313961
30366531306634633234656662373331333936303561373961313037626139313066396334636563
36313763396362383635383661373762306664383638323333316462643361333063636436666633
37623436303331653631313635613533663131666636363037313231653130373937363138396534
32623533633538346138303937633765313838386665323438633535346261316533343162383330
38643665346432643539363234623937353430386537353763663461623064316565366638623433
64376131393338646431666632353534613734333537373936663865343733346133663463353161
65346465353830333835646162656163343065656137323962383139303434333437643533316562
63383739363666303861383463303664336537383165356165613634666432333565313735613334
39323334336563343938323332646330383931346464386639326537326435633163333434303465
65393731336163393730333632393634396462303532313234643535643662666638303634373062
64353132393437623333653735656636313533366239653435613737366335623162333435366436
63663531336533333734333230356230366130316432306632663035613338336332626530663538
38393836613862633837343036346635313233396332356264616336666462316564333633663831
38623265306235343366393133663565646466653965373139386435393431626366626564396262
62323633646435353638373234316464653863623530373936356363616466613164376130626235
32366636316561663964313064663432393634313664613632386333663333636137616632336130
61323334633533653463653863643032653038343531663433393764396237633934313530303139
66663066323861396165623762623564303262323134336132366535666363386638623531383231
36386435613366383966393765306134396336336263316666356530653061396330663637373936
61326166646437343531303537336438326438636530333036373462366163383731613636386536
33326531663762666662343934323633643463346562636133396132306261626564656531633531
64326233353663353763353061653031646237663863383339333466623834626638356135376435
63383239306630386234316631623830643636346662326362323930383039666661633836383731
65636463373030653665616464636561363762613934343334306661643830636431376165616566
30393038393136396338336435333635653334353165333864643836613430313038633836633437
64656664333838316464306661383131613636633139333039383862616232306132616636623061
65306633336137376165636165393261643038323039613534386364313633663137633539636266
30323430653230653330303964386135316534393366356132663364333931306662356435383765
30373732613861646535366232666334393362366532383062353636343063356331623135663830
30376439613061373639303133383462353230343332656563393432366665356234383162656533
30366632383630313931306332366263356562376237373262323639633733303730343863653263
35373832653630623862643437396566316632333262393361396261326562663134303436643664
39396637616231656139306534653233663837653433623732623530633032623065303162613338
37363431383961323364366662316331396639656665383631376434303866636231623861336536
63623366396337663164626139376437643233313936643265643935623862323163366566343862
65613663343263353338633834376561376135316662656565346466326436343636333763363366
39393339343934653364613537306466613537633766643864323565356663636635326265643464
34656364626536653035396566633230663566373834336339343936643732303037626137656232
37623861666661303237323930653733616462633639343861336336396437306531306333393362
66346132386265313963363633393966343062653731356665393364633637363339363264383063
33323262363963626132333830303336373662333638366562326136386164376235656137623062
30656265613062386632336232383537313630366564386538313764313430646564323533643265
65396162333734336361363735393530346430393566666533646339653762313632653233316462
66333836393938363730616536356534653938383234313836396562323434373962633732393764
32356666303439353465343636386431346438383834653663613238333765346639623938383333
62373436663234323037663564623236353832656663306166343762616439393030653034306363
39396261636663333866366132326337626361653563323034333631633036356665323663653539
63343534323133316465303438393561386561333462613763353231396234316561313333313465
62656166366136313132386165343563313966333538323864633430656430663035333839633930
30386635613537613532396636323235613766353838663632306436366463306532626631663134
37376635646466316534393966666234353932643330626465303266346231626235396337316664
30353731613639306235343564396661383133646662356337653365366661356438643337633437
38393363363735303938623739626666396332343739323632383138303437623231303862643433
30353439306231353166613935376461386431346663623335396565363666353838373864353236
39383235353433383464333963613063613139383565353832366637613963383365363865623238
61623337373134313733643063383261363430343461323264643461303363346333353936323531
62346262393234313166666233633065336465313637653731633635663136336536363631613665
65356436353834613866383263303536323039356136343432373432393064346562363365653764
33313637363231663939393036396136633031306436383364326332643834386536383664326565
66333661306135356166626136336636316538383263616464613636383131626631636163393839
62303931633034616635613036386432613465383231303666636633393962323235393034626434
35323161636161346134616132316233643731356330626161363466383637366437646561393365
31623032613762396166643036313362646531636130636238343432323966653034643430366261
30326233353831616537653265393264353230643966636566313132386131343638343362626433
36353262356162313362653262353466366339643739663936326431393938363637626538326338
65366363383063353366306535316666303261633138663362316362303130363838633133386535
39613664303637656337356565383462306165313266386236393735366230386437373033643362
31633964313838386530646236353831353364663631326337316232613866353239353731656465
61653435336438333963663238653638323934303263646232646137356466343531333163376339
36663935353430303135353463323638373830643038333630636230356639613830346132616238
31663636373132653164376164633235306432656531353062666438616431663332323564303630
65343537333265303530346230366134623033666232373631376632656339393338623236653039
34376236366362646233653838666562366363386134316233393066376337306535373430376533
62373066383263363161376461626662336364366264316230313733343562333337623438626563
64666363653137326432666533343338316334306232653364636562323631353933633537633532
62333361653930626162336662636132326335643665623162353734316435643765616137363965
35383030386537613734303063393837316438323530623563396635666336363961373464363938
38306534326438616339623634643933636135333363666230336232656639356136393233363831
30326333353339346336613461303232383266306631386438363930656435646363363135626462
35343430333334636539613333666238633563626165623238666665616438376466623736656232
65376136323363386436373739633831623236653036303435313266343135653038316162316630
31623565333034613833333035336636373639633735346137633338366533313961336337663563
61666561363766346135396136663339663862653339373936653836343636393966623236336565
62333265303535646534643839396231313134653530303864396161613932633762306233343664
61323832353066333436643837363238333931623232623866396536356233643863336631383837
63353837623434396633323338656264353965346632323363396135356430363564356261663463
31323163633566376464303938356166653535343432663534643963656361613331306263653937
66653239643764323632373163636635373333373565636430303236636334353132623236306433
31353538353965656334623538306537313164306438663335383537316663333733323336346235
30643134336433313431393739396637626161623764356662326334386464373064343635323763
35313238393766616263653263373631373334656236363837303062383539623530383330336639
65323162616237613665313738346162316466393936343338376636653265666131383335323234
61336564336635636638643337663237633865633534306632386362393664316462633133373136
36376232613133663135326436386663613935353462316161666537386434613933383463333936
38623061333035646139653664303864646138613864663237303638373239353665636664336462
39313534343932313735653463613766616135663237353531313833323639363537383131346135
35373239393934326332303632336465646462656331326166306663333430613631356164393636
37643834623364353139396264623430303062623131646337353163393861343265613730363866
39643539353437313236666235616262356630626232366561376633623638636661613739633631
35366536396362623765333837363933396534316634363034353464383664666437343861366135
39373239613061383037633139373637663663613335666438316132623839343535656261326161
31303939346137323063613931303530636665396639303236653266623837326632633565633064
66656139636137373736646339656437383232643133376561313363343931333437333937316439
31326433633931303630323462663030386166656135313530386138316163353033356632336638
65336234353663366362353135353162636238353134363739646166373535623132646131343032
63333266636364623161336663663130343736656433376132663734393432663532663333643335
34383864366265613032636265663961303933643737623065643833646432623637333130353563
38613962386533666535343136326635323661646230623866663435656663623364376332663436
62663032373333643363616537346331366364363766396665356433666536626231353739343464
30393538646438373061623364663232396163616535626339343931336531623161306536383732
32373066376664346466363931346632633464663238356235323135633238356435613963646533
30356234396439373537336237336365666335613465326363373336366230376666363532336137
35323738653930363230303333346433386666323436333333393530653330313836366531313864
37313435646663633836386531623430323134333136323563616264316561663263643666353361
62613335323138323532616436383630613965383839306534323431383962613238343632613461
35386633336437363161393365393336626263303936393939633439303764366637636338383434
39616434343363343361363633353632383531333639346662663166333633313563383765353535
66373362363365323063356661366635353938663264396562393939386332343933383165643063
64373836303238393461326339343561666137383564363530663435333636313137393965373066
63653635663333616138626434333162633633363564383363313336333833636364643461396337
35636266316137333465616137666564613832613437346638343030386439386238313332633538
64376666313238366434316365623132666265613237646537366536383761623739643563336463
30373663633462303062333235393761656636336234316261336465323733333030323734373538
35356464326437303932623662653265626335366261623733633763643739333565653662643532
63663536616335386163383039393535343263333564333433663964643661306139303465633635
38323665363131326532623965653230386564306332643562326164356566616562626134316165
36386663356435396462326532613162323963623537356437633135613735303039626164636239
64386138373531613834336237306537656263363761343534613862353731323461366564306363
33316239623961323033613161663064333631356563643337343765633661613564376565663665
65656266356466653963313835636262323838353231663637323230363762343233643661636262
63613437306431326237383465633765383133396134656635616634636134646234653163653365
62663730643334333733383238663232326165376666326661663361323562303137373237643761
34323861336239383964633364643633646663333439636139346261306161643135343036623234
35303065333734323265333939323636303336663362303932323832613939613332623365636561
62333561366361303430393763663436396338633939326231383231333163663361343134656461
30383439633161623835653733643732636435383136393339393734656234613630633236663234
35313464633165356566316536366238363663653832333438643535623630666436663661316538
37626536343263623431336537336135383433343635653663346162323637343763
