$ANSIBLE_VAULT;1.1;AES256
35313533393632336361663866653937653161316164663739303230333763636138393636316538
6266306530626433626438336437323264313166643735320a373032363865616533616336656465
61613663613436333963633563386464306130313934353362636162326438643831366465323765
3230343538323763630a373631336539373439346639373435333865323566326266366135363233
32336364373736643139663266623730303065366336376330656339313062616264366265623463
66323330646230323464656538363164626631616234373230346532376464353635393030646337
62343266393838386565313865636432643234326137303030633934303461633632393030656266
34636439366161613133323634663433623834333134356562336266616537303363646434376239
61646662393936613530303063316135643137623434356238636663393439306166636431626161
38376336313235313034383361333461653935656365626630323162653864623762393037636462
65636135346636336136613165333361633231373536653138386433316433396165333037386331
35353435663163353634303633653966386135636534323262653130333862323135373632653165
61343066396236646163353465303930393866396631646132306236393062656564376465663363
33656533313234363432323739623062643732366135333261376534356332393661326166333165
61313131666236613839336236356234343830383733623336653463646234653333613965663333
35303763643238323062346439316533333037636637623139633264656562383262623461383736
30396465376462333463653062386635323538373866366162306638363330663237643836313630
36303833333830303834303765343531353564613461326136373433306530306462366632386135
31343165383932666233343939346535383036393831303961636531306535323661313664346161
35343731356638313965373830323731323364396366613366336666366534393366393137623761
64663263343763663262326364383430336631653034383033626137316661376463323034656262
65393365393339636531393565633136343933633632373134393965306663613335623832323231
38386135663032373235643565336266626565636338356533336533343536623438613031616336
37653038376238386664636261316132663631323132346262356362623530393431303766313832
63313131366564356334663934376130393132326637356338383064336563323730393134316132
34623335663638653463303231363039313961393535373735653834363238653464376633303066
64643238343535633438376438633738643836383437663465613036323964366132343536656566
34663966643737373862366530393532636263303734663166653737616132613662356666313238
30633663353562363663313033303631343434653164623563363839633332643161616365653637
64396634343534633732353930613237376237653735656562323239333861643932383661666538
35643438623062353337633161646130636334666430313736343035626562393232353938316430
66346338313365653032363965663235653637633830643062303432393661633838356631663566
64306433393061653662386535613335643336386238616361623766343931636435366134616335
32623738383531616562346138313134313934363161393566616435343639626465363637306235
63353738343865656530666264653136336566363933366564626236616230613335383330636137
37346339303234356533333232663162393732663834646638343066343737326538613464303561
65303331663737303833393839366666356234383337623030343265336534336533323331306139
61373637346433363562663064313164646330623831393132623735383939336237383934383065
36306130646561333831326539373830346537393236646534333436623836353233346633393430
30633531376133633431663961646262343233343666376539343264356662363935616133626232
61393063346662653764353566333965353230663739383336313430663561323230356563623731
35316333316530353130646562326433633035393061303932613436313037643336323564653939
64633431376264626134383238376365333132323161626666323038316134363862356633373733
61383235353539313536326163386435666331633337383663626331663834653931303630646137
34376438323536616432656561663666303737633239626132306431333561616165653765613465
39353538306463383666346133353766393064396436386332343639373230643330346561343131
63323935346366633331623566646464386637303936363766333838356461333862366337313064
32363539313134356538343633353035356238313162303464393861306362383334366630313563
34636361316139623663333263336662653665336166393133613138636638336362653034386333
38336233623138613263333334653665396235616534663164306239613261313462356235383638
39613361643537656334336564396661333466626537656565626533663334363661393931343364
62663439646639646130353936666137636264373865376562623838306535383239356633373333
62633338663232633030323637633833623131356664386161333534393066333631636663666630
61326530313732646137646234386262306531633362313531353039346462333761356635616134
30383437376430383532373033613236336165343134313032613531363237313263313237393031
65643731663564386163323738656436383965386139366433343835333165633862383138396436
62643666653163636537306665316137663364366261346366653930333933353939636537636261
62353232363233393863386165626666333865643466376561306566313837363865396264623135
61366230393937613235306633663539316161346537623536626132313337346562396533666466
34356638306533636564613433383435643437633161316666663333393161363466646333383232
34623633316262306430663233306634373064636538653633303166656137646130656637356262
35306162393038656630613865363763633636383232383164613939353930323631393561336562
30616330666562316130333966333134313532356562633162663561333530663236626236313363
31656538343338626237396132353864343032656636323066323766343130613436363566313836
66636537653537343365363436366638646536623161366365393065323063363966666661653265
36363061303036336439663430303561616532323235383036613637393837336462626530356431
32336335326437316130366662633531383261326663326134623861353432363835613331396435
37393736666466323663626337353937643838383766383238613936633661313038306638343438
30623433636436613134383865333237366636363836323636366665333262353761656330343766
37383363356633363461373836333435356539653538633931633437623631353330666238383532
62623032306338616165316530393065396365313466366334313538656564356564356166613137
35313164326534663764353135656533336665643761373265663566613263386435633234316161
31313065366539663637333936376662386337666562626430326334643262393834666138666633
33303936356364623232333233666464303335636661396662363866306435636362373762636634
32643530316462643139643236343337333137313333623739623930666333616137363333303332
32633631613463613539303465313336613934623630376463666461613437636230356164636162
36346534363734616138313032663238633435393334306466663537343764376462633938623732
39303036343932393863306166646333313531346136326233323163653962616131343535323437
64383837363536623132626163346231666164373531383533366439633163386666313365333063
33366630393932366561666633373836383934366330633238623263343037666231356530373238
30623465393537316136373063333538326566656534383163623138373833613666633034326339
38353064303063666132346366666630643030643332346266383438353339356365383035343232
35653336356564333830633566383436656631643436353361323064376535653662613132303764
30313261633464353036643036643661623164636366346336623235323530383861323530363966
66343537363034626635336136313936353631663630633632313534356364396436666636393738
30613965313937323133333135373039613538343131363631363230373965663739646332656431
31396161613938323431363037383633653533353036336566386665333764666530366137333434
34636535633334356465613535643266323639623634326662303332373230383836613338616138
33353739363138633937393739363439353434303065383731373731663935346139626632383039
64363137616639393032323432363332663534623136383039623364646366343063356331393239
38313435383562656132663231643432326365323665393732383763303235376261303037313163
35306265663431356633383661626339633563396436376530373535326461386635613063663032
32306566353463313631306533393632656238396662353639376164326637626332666664313964
31643536393230336334636561346164373166396562336333333035323930303364656364323436
33363331666361343063386530623839333539306432383961356230613437333632623466623130
64306333623432313035356537663839303237323365366466346261363437313665396234323162
62663034386262633064623839303565343738333332393432666336353363346362
