$ANSIBLE_VAULT;1.1;AES256
63656263633866303465386163393761626330376235376363643233373135356633653161613135
3864646264376439643432323530356334613834666630340a393736366232396332643030313262
37373638663565396632343566653238613732663039323136633666326532623937316331336530
6461343830626638340a616264613330663337636431373031643837383533623831636564386232
39366563326630653166646464353061376661613865303963643131323561383136336164343835
63626436393935343462646231386530356232363664303331663437386432633264313432633565
61656138353930303333336637663532646537393630343661313031663464316364366666626332
65303964313934383832613632663566393462653632623231666662356161643834333564333566
30656665363666656366666631616363353461373935613731313864653838376238333162366137
62383864656439366164623834306431326536353634613833643631623132643531396539393264
30653738396661323130363065336432386336363939623833323937366330653263623863636338
63626338666664343730383934346164313661383834666661386435346233646266393030343432
34646262613363626263333734306637343536366361643531383839613131366433663634346639
63353137633036656231363032643531376362636432643461623036326365623862393138623333
62646638323036633233323134396661333239333265636433623064316633396165613039396666
65373563643638646432346364643066393634326336623330316631306566613136613766336130
62316164666462363939356132343534363565633134353333306635353132346530636135306535
62396366386137383335326534333333336162383533373563373335636530623136633732616130
32653961383535326438343232346635383338633664353338353062636334636663303366353166
31363538353532636235383238303766353232306262346133353539306437636430326361663439
39343935636630633562303863633631353939616237303538653236313864633237316335643064
35333765353134323862343539383939366631396135366431656530333538303036643431393137
30393836346332353766623738666231356132383965356533343030343766663232313833343165
62383537626436653234313330613062643066643235376133363261323937666536633964313136
39346432323863666565626231306263306338313934386634646663613065326639333631643764
39616465663337383231396462376364643863633562316466323036653536356263393737326361
38616632653664383064653066336130646666306662643062396338343933646630353832363465
34373030333232666138353836343436643661663331666539303136353834633537323132393432
61316635663136376635613063653465336534646637636430333465643766343062383435666362
64396463386333336564366234353830386231393465643031323731626338613336313030636132
66646362323265626261363130393461396561333365386134366262613430353739653061393264
32393731346165666239613332666239333832613038646661316466643638326334613662383639
39326431636164396236326434323962373961653438303639633466336536333435666166356639
62633363313139656164333965393936303239373835626262386663366339353665663739653034
37313833393261336363373862313766343165306230383532616639383664613666343161613135
65636239653834323662623561373837393832306335616237376535623338363037366262373764
33383735663836663034306438396665323966333433333932626161316331333030376565386434
35653162623432376266313865313133643738396237626363653764353935636462653032343865
34363539363837646332663566393735646631383435613466303139313733623863646361616464
62376263613662613138343637643864663537383431636233653337633464323261336461663635
65346231623061346537396232393839613262623730346533353864643736363563383564626563
65343732613337613237663365383165636365363061646434303766613038306138393833386139
38356135313762303532636531303138346164336336386664623162383837363435393137336635
61316235386466646235323938303562656630326465386536653431366363633439396637646333
37313836653836346531343631623032346533363930323138636163656236353638306536633238
38346538313037303565346639646537363663633766346365393931373436363466613632633439
30633066643864336230383430323431386662613138343366653231623438366563613530336663
39316562373431316164353830653434653462346537373139656336323837376539653138386165
37633563313434363231623636636466646335616461323936336436373735363130346433653936
32336238353538626636613538666232623164363231633362613763643761306364376435316338
65323564366466306432386433626161303762376435376433353435336531663264353863386330
32373537306430623066313265643563363033613963366463666433633465323137386631396362
63386539396336636666623630363063636365633766346230663763336561386337303132626433
62306531383634376335613935323563633234613863656132326137343037333639666630326366
66393438646163333764363632623233393730396265623962636634633632373361306333363762
64646637306362616231366161313232313339393863303637636233343064613837393632373962
62643339383234636162313463366161366334396261353664393834383236393630393539313438
31356564336233383739663636326663653434373865623433616666653762666338363234313438
66396539633336333263346432666433616565653239653661383833616432613761373336386539
30616161613661363137366364373934666364336331396135323335313764343461346361363934
61366235633733636538373438396534663537383465396337663133303838613136616665623735
61653765363438343662366463626131363934323237396235663935666530666230396438666337
31633365636537346632323133666430383138653062333337323133343737613964643464383737
62373530623661316131393830303434616632363963333163383961323664663231366432646132
30303666376632353638393861666166316262376536663634333134343531383939373332353163
32633066626438626534356235363732646639626633653866613339643766643865316632626365
35303935303038343666393832393739643761383364313831336461313165373536393762316330
31353232636132373064386630663862366238323436303935383832313562323930313637626134
39653862653532663730383131633538656533346138343461613438663837343631316136663865
39646661356166343239303433363131336461656462666538363066626365633931343361383264
30613162396336336333303537623131343164373034313364656266313937306130343564363165
38353938373630366566346431373838353134396131623030653938393732333964353032323462
36366230633634666262303737363864356238383237326332636634343962656261633636316239
63313933303039356332393132323165313563323532386662643265383363616531316630616162
30316365346635326439663062663361303032653661383461663863613062636664656537386362
64633030356432353432313261653866666332353534333633666361346439386238656231666561
36323734323535393764333230323230313436613930666635343962643462326337393434643737
64383936313139356335646634373363623066303231643766666436393262323239343666356363
64643635646632396566353130373066323939376364646230623038643633666664396166383762
35303636353830366264343835363062323837356262633563636230343436613164656264306166
31323937653638646363666664323835313162623433356436303930323862656430636333323466
66346336613333346630373535303736613333353235656465376464313232313238653831343463
39383031373336623163303233666532353865633365626635646631623864316563396263366631
64376535376431663934323463396164663764643164306239663663616662653661303838396232
32383462376462363935346166373435376131663235336462333536663861656133393363626438
64353866336539303366623466323366656631656665396331633865353732303936336639663765
39353062373664353964336565653563373238643736653133656665376537666138393634633035
64333165386136626238356361356162386361326334353433303537643830643338313033636439
30626137383665376136363736633562326363643934333031643964376438633962386635653536
37386437616461393863613234313862366266326230386261323661376163323564326266326135
32376362613831303165356663623365656235356539386436666433633931396233366532643465
66636566333361616266636662346339666536376135626431363732343235333832663032616564
30633435363832373066613437373834623866656436346663306233366230626462303063323965
65656138353035303939333638653731633637346164303131373965303537383032346565336662
61356461646465616137346330646435366333653339666637396162626630393430636263313762
39626539343130313862383536633238623234313466653964306235636565653062623466316333
34386532643633386437343434383435633832623439633234613430653632326461356330623865
37666530373239346563316665363765333434656266386635626331633333376333616130386432
32616265326561373438636164396330613639323731333462326135386135383037323031643432
35316137333333363765623064626239343062643763303139623133326164373766393466613562
39653362336338323564613262343832366630333463663435373533366635353536316235313332
33363435663264653834316231333030396634343139616638656632633733336564663861363130
62613564303638346632393132343636343936633762663763333833623265656366313933363531
39626566626266323433636638343961386562366563353635636534383431343038303632313639
61396231666133633038393561353962646634303861316364393232303338386163646261643334
63386135643261656461353566646163393166626163363664323631653563316631613137323831
65396365396538306534313561306234643063623666333134353331393861303765303335636233
32343137313464656535343137646462653165386333636137376133333331373134383132376164
37656133636231306637623862653039656634383934366233623337396664376162366365633664
64336264376138666266386237326237626539623738336564316233323265326362343932626335
38376433383133653332313036386131303333323364366164323030383834336631303834356337
36353030326538656466383361663738376334343435383733366439396538666436646638613337
34373133323437653065353764393933396430353438306165313230343238313765353037373764
33356333346664383162636132323364346333376536666235383066646566306366383330626565
32346661363864316539623136323561373336313938616539623565653133326431626634616236
62336162643438383132633338346162386533323935656539306638383766386135386263633731
64663963643339623764346262333737376337383233303533633563666433633036623236386236
36663262353639333138613061333430636261666565313932353431323133373431326266313839
63633435656266343666626438623039656363653233363038323030326637646537626632663336
33653233653835623733633133366636393066393265383565333662653336306162323937316162
64643562643064326234386134633062316431623930306238346265363330366535313263363732
38643461613839313937663535636138336362633433303535373365613966623665393535313332
31653431366539386261333036393833613237643130386436623137396138383130626630633235
64353437646630633339663862343430356431376264356232613031643436376564613130316239
39366234333364656263616531356566326132376234626535343836646163326131653339616465
64373631326433373232616631346462383330653566613364396537383831633239626231343438
38333666626166653766643261333264336533313138366439346338383835323361383262373438
64376237303034383261333932646163313436373433366265313333383966356435333662373337
38636663363731333136323031623832383631396432663061383733623138663866646433373661
30363332366466366339636464343435353530326131633632323133663061623830396434323462
65653866313330313562363064366435323237386162386332623266613061663663353266626333
63363830386436323263663166303636616561623839383163306131386463633036303563373135
61306365343764386361323433613935643632343831373533663030313330373162303738666362
37613465363330636366383763623863633061313033376231323531343536313930303138336464
66356235356335626463613231363335313061353466303365653932623965646233343961306566
34383565623438643931313664323564326632623836343565343237616362666466636362383763
66333165333562633334303665316133643836656463333063323538396237336532616364393063
66653734313563653964636233636363396637383635303138386139373330343335313335336234
66633133653064353832393935336338313439633339646633393332376136666335623138353237
33353563363762316265333662313837646432346135643232613930353439393334303466343335
65353635643834316463653833343962656232323161343864396561363133636332383433626331
35373231616537633566363464323131373862306335366235393131353436373333306630306130
34623431643666393564376661316166656434353935633933333361303962643661336566616164
38653439313339326464333366383839393164626234356164383063326433366364653432396532
32376638356432636133643731303137366332626334333832663130303264333563333237666432
31343265313638393035383836383464383535356462633730396561323164663835373034356166
63643538663566393761663537303661653461316164396233666232623365393665336439396161
37353935323230376531626461393539373232383965613539626330613831623937663339323234
33343736333834356336363962353733386438393636333862386132626138326634363331303931
63316631633261343630653438393333613164306166663633616335623630653636333635396662
63393265383235393932373339666135653838363235616563326334343630363437636130336430
36343937373562346361383833373863366534663933336566653639366639623239393838633637
63386339303731366665653732386633383362396164356536353337373837663036353866636463
36613539656165356637393463656631343839616162613930366230663065643365343566313539
31656335653538376463363862643938363831363034616539366162393536336433626234633035
32363030616333303664323563653063646433626531643037383066353864393536366239343366
39636634356430323939663138373636323361336638653139636261386632623635623639633533
36636231643131356261656463623065326137613735636434643632326464313330353562386166
31333937626337323835646461363865666138353765336262313730353837336230613030666333
63626131633039363961363737313639663335313036373566366135656237316538323532623062
39656430663331313430316161656131343330366364303161386365343934303033373862646439
61333634643334363661393932316139663461633333313764613364346233623934303439356662
33373334303537653732333962643238643235336436663136633462386466346637666632646163
66656639653333333237643131393032363033333237323436636331303036663763313036333032
65633538343064343832353232626566623236626331306333623935376564323264303561366362
30386663343832303862353662356561623265313138643238666464636638373133643631373166
36356164663263323662393534343938383830626530326633663832616632363232333135643532
61623837366438373963626436373266393164656530366439306138386333313237653734666333
32663637373063666531643330383037376636376236646464616366383132653237393738373337
63313835353232326463303736316664316530656564663233623233303062663637613461616539
65313232353662623631633738343032366364353462653666313132306564333866336335303036
31653161303537373265353435653233623239633633633636643538643363623563633066626437
38646534653563313738613831333435333931613832336634373336373263376165356232376532
62666136353831643530313230393766346135636534323430383632623533376162663065386138
64303766393739333463353831656134653064383636613739376330646165353864346362643836
65303939393030666631373037393961613332393132326533326137366362616631356339313964
30616561623334653534616631363438353234623239613864653065353561626531613539613765
37633231633235393035346633373763393166313838393064376234333233373136363434386461
31646266326564336163353830656634663563633031393632633765373236636661393030626366
37663933356634633164303562336464653938323038633938613732613261373433616265343430
62633464313963616666633732303538623838613535643664643933366562313066366463323237
35626264636133333237373564336636313866366339616462386463343736353131336530623132
33313033646338656235313064323836666231393461386238396563326232613165386634333431
65376530363138323234633036663237633033363935353762303639643336373066343239393531
65376462663533653063323739636635336232623539396166316363623061663261333364646163
36383930383563633463303331326331623338666333663564363464373931616435383935643938
61626130646435373734393732663265643535323564313034373932396338323964336534303837
35333934616264353463663037633431333234333930313835333866303138613839393564373132
6534
